-67.508
-67.51
-67.512
-67.515
-67.517
-67.519
-67.521
-67.522
-67.524
-67.525
-67.527
-67.528
-67.529
-67.53
-67.531
-67.532
-67.533
-67.533
-67.534
-67.534
-67.534
-67.535
-67.535
-67.535
-67.535
-67.534
-67.534
-67.534
-67.533
-67.532
-67.532
-67.531
-67.53
-67.529
-67.528
-67.526
-67.525
-67.523
-67.522
-67.52
-67.518
-67.516
-67.514
-67.512
-67.509
-67.507
-67.504
-67.501
-67.498
-67.495
-67.495
-67.491
-67.491
-67.49
-67.489
-67.487
-67.486
-67.484
-67.483
-67.481
-67.481
-67.48
-67.48
-67.48
-67.48
-67.48
-67.48
-67.48
-67.479
-67.478
-67.478
-67.477
-67.475
-67.474
-67.473
-67.471
-67.469
-67.467
-67.467
-67.465
-67.465
-67.466
-67.465
-67.465
-67.465
-67.464
-67.463
-67.462
-67.461
-67.46
-67.458
-67.456
-67.455
-67.452
-67.45
-67.448
-67.445
-67.442
-67.442
-67.439
-67.438
-67.438
-67.439
-67.441
-67.442
-67.443
-67.444
-67.445
-67.446
-67.446
-67.446
-67.446
-67.446
-67.446
-67.445
-67.444
-67.443
-67.442
-67.441
-67.439
-67.438
-67.438
-67.436
-67.437
-67.437
-67.44
-67.443
-67.445
-67.448
-67.45
-67.452
-67.453
-67.455
-67.456
-67.457
-67.459
-67.459
-67.46
-67.461
-67.461
-67.461
-67.461
-67.461
-67.461
-67.46
-67.459
-67.458
-67.457
-67.456
-67.455
-67.453
-67.452
-67.45
-67.448
-67.445
-67.443
-67.44
-67.44
-67.437
-67.437
-67.437
-67.438
-67.44
-67.441
-67.443
-67.444
-67.445
-67.446
-67.446
-67.447
-67.447
-67.447
-67.447
-67.447
-67.447
-67.446
-67.445
-67.444
-67.443
-67.442
-67.44
-67.438
-67.437
-67.434
-67.432
-67.43
-67.427
-67.424
-67.421
-67.418
-67.414
-67.411
-67.407
-67.403
-67.398
-67.394
-67.389
-67.389
-67.382
-67.379
-67.379
-67.376
-67.375
-67.375
-67.376
-67.377
-67.377
-67.382
-67.386
-67.389
-67.393
-67.395
-67.398
-67.401
-67.403
-67.405
-67.407
-67.408
-67.41
-67.411
-67.412
-67.413
-67.413
-67.414
-67.414
-67.414
-67.413
-67.413
-67.412
-67.411
-67.41
-67.409
-67.408
-67.406
-67.404
-67.402
-67.4
-67.397
-67.394
-67.391
-67.388
-67.385
-67.381
-67.381
-67.376
-67.374
-67.374
-67.373
-67.374
-67.374
-67.377
-67.38
-67.38
-67.388
-67.392
-67.397
-67.401
-67.406
-67.41
-67.413
-67.417
-67.42
-67.424
-67.427
-67.43
-67.432
-67.435
-67.437
-67.439
-67.441
-67.443
-67.445
-67.446
-67.448
-67.449
-67.45
-67.451
-67.452
-67.452
-67.453
-67.453
-67.453
-67.453
-67.453
-67.453
-67.453
-67.452
-67.451
-67.45
-67.449
-67.448
-67.447
-67.445
-67.444
-67.442
-67.44
-67.438
-67.436
-67.433
-67.431
-67.428
-67.425
-67.422
-67.419
-67.416
-67.412
-67.408
-67.404
-67.4
-67.396
-67.391
-67.387
-67.387
-67.379
-67.377
-67.377
-67.374
-67.374
-67.374
-67.375
-67.377
-67.377
-67.383
-67.387
-67.39
-67.394
-67.397
-67.401
-67.404
-67.406
-67.409
-67.412
-67.414
-67.416
-67.418
-67.42
-67.421
-67.423
-67.424
-67.425
-67.426
-67.427
-67.428
-67.429
-67.429
-67.429
-67.429
-67.429
-67.429
-67.429
-67.428
-67.428
-67.427
-67.426
-67.425
-67.424
-67.422
-67.421
-67.419
-67.417
-67.415
-67.413
-67.411
-67.408
-67.406
-67.403
-67.4
-67.397
-67.394
-67.39
-67.386
-67.383
-67.379
-67.374
-67.37
-67.365
-67.361
-67.356
-67.351
-67.345
-67.339
-67.334
-67.328
-67.321
-67.315
-67.308
-67.301
-67.294
-67.286
-67.278
-67.27
-67.262
-67.262
-67.247
-67.24
-67.24
-67.229
-67.225
-67.225
-67.218
-67.215
-67.215
-67.212
-67.211
-67.211
-67.211
-67.212
-67.212
-67.216
-67.219
-67.219
-67.227
-67.232
-67.232
-67.244
-67.251
-67.257
-67.264
-67.27
-67.275
-67.281
-67.286
-67.291
-67.296
-67.3
-67.304
-67.308
-67.312
-67.315
-67.319
-67.322
-67.325
-67.327
-67.33
-67.332
-67.334
-67.336
-67.337
-67.339
-67.34
-67.341
-67.342
-67.342
-67.343
-67.343
-67.343
-67.343
-67.343
-67.342
-67.341
-67.341
-67.34
-67.338
-67.337
-67.335
-67.333
-67.331
-67.329
-67.327
-67.324
-67.321
-67.319
-67.315
-67.312
-67.308
-67.305
-67.301
-67.296
-67.292
-67.287
-67.282
-67.277
-67.272
-67.266
-67.26
-67.254
-67.248
-67.241
-67.234
-67.227
-67.219
-67.212
-67.204
-67.195
-67.195
-67.18
-67.174
-67.174
-67.163
-67.158
-67.158
-67.151
-67.148
-67.148
-67.145
-67.144
-67.144
-67.144
-67.145
-67.145
-67.148
-67.151
-67.151
-67.158
-67.163
-67.163
-67.174
-67.181
-67.181
-67.196
-67.204
-67.213
-67.22
-67.228
-67.235
-67.243
-67.249
-67.256
-67.263
-67.269
-67.275
-67.28
-67.286
-67.291
-67.296
-67.301
-67.306
-67.311
-67.315
-67.32
-67.324
-67.328
-67.331
-67.335
-67.339
-67.342
-67.345
-67.348
-67.351
-67.354
-67.357
-67.359
-67.362
-67.364
-67.366
-67.368
-67.37
-67.372
-67.374
-67.376
-67.377
-67.379
-67.38
-67.382
-67.383
-67.384
-67.385
-67.386
-67.387
-67.388
-67.389
-67.389
-67.39
-67.39
-67.391
-67.391
-67.391
-67.392
-67.392
-67.392
-67.392
-67.392
-67.392
-67.391
-67.391
-67.391
-67.39
-67.39
-67.389
-67.389
-67.388
-67.387
-67.386
-67.385
-67.384
-67.383
-67.382
-67.381
-67.38
-67.378
-67.377
-67.375
-67.374
-67.372
-67.37
-67.369
-67.367
-67.365
-67.363
-67.36
-67.358
-67.356
-67.353
-67.351
-67.348
-67.346
-67.343
-67.34
-67.337
-67.334
-67.331
-67.327
-67.324
-67.32
-67.317
-67.313
-67.309
-67.305
-67.301
-67.296
-67.292
-67.287
-67.282
-67.277
-67.272
-67.272
-67.264
-67.262
-67.259
-67.255
-67.252
-67.252
-67.248
-67.246
-67.245
-67.244
-67.242
-67.242
-67.241
-67.241
-67.241
-67.242
-67.241
-67.241
-67.243
-67.246
-67.248
-67.249
-67.251
-67.252
-67.254
-67.255
-67.256
-67.256
-67.257
-67.257
-67.258
-67.258
-67.258
-67.257
-67.257
-67.256
-67.256
-67.255
-67.254
-67.252
-67.251
-67.25
-67.248
-67.246
-67.244
-67.242
-67.239
-67.237
-67.234
-67.231
-67.228
-67.225
-67.221
-67.217
-67.214
-67.209
-67.205
-67.201
-67.196
-67.191
-67.186
-67.181
-67.175
-67.169
-67.169
-67.16
-67.156
-67.152
-67.148
-67.143
-67.143
-67.136
-67.133
-67.131
-67.127
-67.124
-67.124
-67.119
-67.118
-67.116
-67.114
-67.112
-67.112
-67.109
-67.109
-67.108
-67.107
-67.106
-67.106
-67.105
-67.106
-67.106
-67.106
-67.106
-67.106
-67.107
-67.109
-67.11
-67.112
-67.112
-67.112
-67.116
-67.119
-67.121
-67.123
-67.125
-67.125
-67.131
-67.134
-67.138
-67.141
-67.144
-67.144
-67.152
-67.157
-67.162
-67.167
-67.171
-67.175
-67.179
-67.183
-67.186
-67.189
-67.192
-67.195
-67.197
-67.2
-67.202
-67.204
-67.206
-67.207
-67.208
-67.21
-67.21
-67.211
-67.212
-67.212
-67.212
-67.212
-67.212
-67.212
-67.211
-67.21
-67.209
-67.208
-67.206
-67.205
-67.203
-67.201
-67.199
-67.196
-67.194
-67.191
-67.188
-67.184
-67.181
-67.177
-67.173
-67.169
-67.169
-67.162
-67.16
-67.158
-67.155
-67.152
-67.152
-67.148
-67.147
-67.145
-67.144
-67.142
-67.142
-67.14
-67.14
-67.14
-67.14
-67.139
-67.139
-67.139
-67.14
-67.141
-67.142
-67.142
-67.142
-67.145
-67.147
-67.149
-67.151
-67.152
-67.152
-67.157
-67.16
-67.163
-67.166
-67.169
-67.169
-67.176
-67.18
-67.185
-67.189
-67.192
-67.192
-67.202
-67.208
-67.213
-67.219
-67.224
-67.229
-67.233
-67.238
-67.242
-67.246
-67.25
-67.254
-67.257
-67.261
-67.264
-67.267
-67.269
-67.272
-67.274
-67.277
-67.279
-67.281
-67.282
-67.284
-67.285
-67.286
-67.287
-67.288
-67.289
-67.29
-67.29
-67.29
-67.29
-67.29
-67.29
-67.289
-67.288
-67.288
-67.286
-67.285
-67.284
-67.282
-67.28
-67.278
-67.276
-67.274
-67.271
-67.268
-67.265
-67.262
-67.259
-67.255
-67.255
-67.25
-67.248
-67.246
-67.244
-67.242
-67.242
-67.239
-67.239
-67.238
-67.237
-67.236
-67.236
-67.235
-67.236
-67.236
-67.237
-67.236
-67.236
-67.238
-67.24
-67.242
-67.243
-67.244
-67.244
-67.248
-67.251
-67.253
-67.256
-67.258
-67.258
-67.264
-67.268
-67.272
-67.275
-67.278
-67.278
-67.287
-67.292
-67.297
-67.302
-67.306
-67.306
-67.317
-67.323
-67.329
-67.335
-67.341
-67.347
-67.352
-67.357
-67.362
-67.367
-67.371
-67.376
-67.38
-67.384
-67.388
-67.391
-67.395
-67.398
-67.401
-67.404
-67.406
-67.409
-67.411
-67.413
-67.415
-67.417
-67.419
-67.42
-67.421
-67.422
-67.423
-67.424
-67.424
-67.425
-67.425
-67.425
-67.425
-67.424
-67.424
-67.423
-67.422
-67.42
-67.419
-67.417
-67.415
-67.413
-67.413
-67.411
-67.411
-67.411
-67.41
-67.409
-67.409
-67.41
-67.411
-67.411
-67.412
-67.412
-67.412
-67.415
-67.417
-67.419
-67.421
-67.423
-67.423
-67.427
-67.431
-67.434
-67.437
-67.439
-67.439
-67.446
-67.451
-67.455
-67.459
-67.463
-67.463
-67.472
-67.478
-67.483
-67.489
-67.493
-67.493
-67.505
-67.512
-67.519
-67.525
-67.531
-67.531
-67.546
-67.554
-67.562
-67.57
-67.577
-67.577
-67.594
-67.604
-67.613
-67.623
-67.632
-67.641
-67.649
-67.658
-67.666
-67.675
-67.683
-67.691
-67.699
-67.707
-67.714
-67.722
-67.729
-67.737
-67.744
-67.751
-67.758
-67.765
-67.772
-67.779
-67.786
-67.792
-67.799
-67.805
-67.812
-67.818
-67.824
-67.83
-67.836
-67.842
-67.848
-67.854
-67.86
-67.866
-67.872
-67.878
-67.883
-67.889
-67.895
-67.9
-67.906
-67.911
-67.916
-67.922
-67.927
-67.933
-67.938
-67.943
-67.948
-67.954
-67.959
-67.964
-67.969
-67.974
-67.979
-67.984
-67.989
-67.994
-67.999
-68.004
-68.009
-68.014
-68.019
-68.024
-68.029
-68.034
-68.038
-68.043
-68.048
-68.053
-68.058
-68.063
-68.067
-68.072
-68.077
-68.082
-68.087
-68.091
-68.096
-68.101
-68.105
-68.11
-68.115
-68.12
-68.124
-68.129
-68.134
-68.139
-68.143
-68.148
-68.153
-68.157
-68.162
-68.167
-68.171
-68.176
-68.181
-68.186
-68.19
-68.195
-68.2
-68.204
-68.209
-68.214
-68.218
-68.223
-68.228
-68.233
-68.237
-68.242
-68.247
-68.251
-68.256
-68.261
-68.266
-68.27
-68.275
-68.28
-68.284
-68.289
-68.294
-68.299
-68.303
-68.308
-68.313
-68.318
-68.322
-68.327
-68.332
-68.337
-68.341
-68.346
-68.351
-68.356
-68.36
-68.365
-68.37
-68.375
-68.38
-68.384
-68.389
-68.394
-68.399
-68.403
-68.408
-68.413
-68.418
-68.422
-68.427
-68.432
-68.437
-68.441
-68.446
-68.451
-68.456
-68.46
-68.465
-68.47
-68.475
-68.479
-68.484
-68.489
-68.493
-68.498
-68.503
-68.507
-68.512
-68.517
-68.521
-68.526
-68.531
-68.535
-68.54
-68.544
-68.549
-68.554
-68.558
-68.563
-68.567
-68.572
-68.576
-68.581
-68.585
-68.589
-68.594
-68.598
-68.603
-68.607
-68.611
-68.615
-68.62
-68.624
-68.628
-68.632
-68.636
-68.64
-68.644
-68.648
-68.652
-68.656
-68.66
-68.664
-68.668
-68.671
-68.675
-68.679
-68.682
-68.686
-68.689
-68.693
-68.696
-68.699
-68.703
-68.706
-68.709
-68.712
-68.715
-68.718
-68.72
-68.723
-68.726
-68.728
-68.731
-68.733
-68.735
-68.737
-68.739
-68.741
-68.743
-68.743
-68.749
-68.753
-68.757
-68.76
-68.764
-68.767
-68.771
-68.774
-68.777
-68.78
-68.783
-68.783
-68.791
-68.796
-68.8
-68.805
-68.809
-68.814
-68.818
-68.822
-68.826
-68.829
-68.833
-68.833
-68.842
-68.848
-68.853
-68.858
-68.863
-68.868
-68.873
-68.877
-68.882
-68.886
-68.89
-68.89
-68.899
-68.905
-68.911
-68.917
-68.917
-68.93
-68.938
-68.945
-68.952
-68.959
-68.966
-68.973
-68.979
-68.986
-68.992
-68.997
-68.997
-69.011
-69.019
-69.027
-69.034
-69.041
-69.048
-69.055
-69.062
-69.068
-69.074
-69.08
-69.08
-69.095
-69.103
-69.11
-69.118
-69.126
-69.133
-69.14
-69.147
-69.153
-69.16
-69.166
-69.166
-69.18
-69.188
-69.197
-69.204
-69.212
-69.219
-69.226
-69.233
-69.24
-69.247
-69.253
-69.253
-69.268
-69.276
-69.284
-69.292
-69.3
-69.307
-69.315
-69.322
-69.329
-69.335
-69.342
-69.342
-69.356
-69.365
-69.373
-69.381
-69.389
-69.397
-69.404
-69.411
-69.418
-69.425
-69.431
-69.431
-69.446
-69.454
-69.463
-69.471
-69.478
-69.486
-69.493
-69.5
-69.507
-69.514
-69.52
-69.52
-69.535
-69.544
-69.552
-69.56
-69.56
-69.578
-69.588
-69.598
-69.607
-69.616
-69.625
-69.634
-69.643
-69.651
-69.659
-69.667
-69.667
-69.685
-69.695
-69.705
-69.714
-69.723
-69.732
-69.741
-69.75
-69.758
-69.766
-69.774
-69.774
-69.792
-69.802
-69.811
-69.821
-69.83
-69.839
-69.848
-69.857
-69.865
-69.873
-69.881
-69.881
-69.899
-69.909
-69.918
-69.928
-69.937
-69.946
-69.955
-69.963
-69.972
-69.98
-69.988
-69.988
-70.006
-70.016
-70.025
-70.035
-70.044
-70.053
-70.062
-70.071
-70.079
-70.087
-70.095
-70.095
-70.113
-70.123
-70.133
-70.142
-70.152
-70.161
-70.169
-70.178
-70.186
-70.194
-70.202
-70.202
-70.22
-70.23
-70.24
-70.25
-70.259
-70.268
-70.277
-70.285
-70.293
-70.302
-70.309
-70.309
-70.327
-70.337
-70.347
-70.356
-70.365
-70.374
-70.383
-70.391
-70.4
-70.408
-70.415
-70.415
-70.433
-70.443
-70.452
-70.461
-70.461
-70.482
-70.494
-70.505
-70.516
-70.526
-70.537
-70.547
-70.557
-70.566
-70.576
-70.585
-70.585
-70.605
-70.617
-70.628
-70.639
-70.649
-70.659
-70.669
-70.679
-70.689
-70.698
-70.707
-70.707
-70.727
-70.739
-70.749
-70.76
-70.771
-70.781
-70.791
-70.801
-70.81
-70.819
-70.828
-70.828
-70.848
-70.859
-70.87
-70.881
-70.891
-70.902
-70.911
-70.921
-70.931
-70.94
-70.949
-70.949
-70.969
-70.98
-70.991
-71.001
-71.011
-71.022
-71.031
-71.041
-71.05
-71.059
-71.068
-71.068
-71.088
-71.099
-71.11
-71.12
-71.131
-71.141
-71.15
-71.16
-71.169
-71.178
-71.186
-71.186
-71.206
-71.217
-71.228
-71.238
-71.248
-71.258
-71.267
-71.277
-71.286
-71.294
-71.303
-71.303
-71.322
-71.333
-71.343
-71.353
-71.353
-71.376
-71.388
-71.4
-71.412
-71.424
-71.435
-71.446
-71.457
-71.467
-71.477
-71.487
-71.487
-71.509
-71.521
-71.533
-71.545
-71.556
-71.567
-71.578
-71.589
-71.599
-71.609
-71.619
-71.619
-71.64
-71.653
-71.664
-71.676
-71.687
-71.698
-71.709
-71.719
-71.729
-71.739
-71.748
-71.748
-71.77
-71.782
-71.794
-71.805
-71.816
-71.827
-71.837
-71.848
-71.858
-71.867
-71.877
-71.877
-71.898
-71.91
-71.921
-71.932
-71.943
-71.954
-71.964
-71.975
-71.984
-71.994
-72.003
-72.003
-72.024
-72.036
-72.047
-72.058
-72.069
-72.079
-72.09
-72.1
-72.109
-72.119
-72.128
-72.128
-72.148
-72.159
-72.171
-72.182
-72.192
-72.202
-72.212
-72.222
-72.231
-72.24
-72.249
-72.249
-72.269
-72.28
-72.291
-72.301
-72.301
-72.325
-72.338
-72.35
-72.363
-72.375
-72.386
-72.398
-72.409
-72.42
-72.43
-72.44
-72.44
-72.463
-72.476
-72.488
-72.5
-72.512
-72.523
-72.534
-72.545
-72.555
-72.566
-72.576
-72.576
-72.598
-72.61
-72.622
-72.634
-72.646
-72.657
-72.668
-72.678
-72.689
-72.699
-72.708
-72.708
-72.73
-72.742
-72.754
-72.766
-72.777
-72.788
-72.799
-72.809
-72.819
-72.829
-72.839
-72.839
-72.86
-72.872
-72.884
-72.895
-72.906
-72.917
-72.928
-72.938
-72.948
-72.957
-72.967
-72.967
-72.988
-73
-73.011
-73.022
-73.033
-73.044
-73.054
-73.064
-73.074
-73.083
-73.092
-73.092
-73.113
-73.124
-73.136
-73.147
-73.157
-73.168
-73.178
-73.187
-73.197
-73.206
-73.214
-73.214
-73.234
-73.246
-73.257
-73.267
-73.278
-73.288
-73.297
-73.306
-73.315
-73.324
-73.332
-73.332
-73.351
-73.362
-73.373
-73.383
-73.383
-73.406
-73.418
-73.431
-73.443
-73.455
-73.466
-73.477
-73.488
-73.498
-73.508
-73.518
-73.518
-73.54
-73.552
-73.564
-73.576
-73.587
-73.598
-73.608
-73.619
-73.629
-73.638
-73.647
-73.647
-73.669
-73.681
-73.692
-73.703
-73.714
-73.725
-73.735
-73.745
-73.755
-73.764
-73.773
-73.773
-73.793
-73.805
-73.816
-73.827
-73.838
-73.848
-73.858
-73.868
-73.877
-73.886
-73.894
-73.894
-73.914
-73.926
-73.937
-73.947
-73.957
-73.967
-73.977
-73.986
-73.995
-74.004
-74.012
-74.012
-74.031
-74.042
-74.053
-74.063
-74.073
-74.082
-74.092
-74.1
-74.109
-74.117
-74.125
-74.125
-74.143
-74.154
-74.164
-74.174
-74.183
-74.192
-74.201
-74.209
-74.217
-74.225
-74.232
-74.232
-74.249
-74.259
-74.268
-74.278
-74.278
-74.299
-74.311
-74.322
-74.333
-74.344
-74.355
-74.365
-74.374
-74.384
-74.392
-74.401
-74.401
-74.421
-74.432
-74.443
-74.454
-74.464
-74.474
-74.483
-74.493
-74.501
-74.51
-74.518
-74.518
-74.536
-74.547
-74.558
-74.568
-74.578
-74.587
-74.596
-74.605
-74.613
-74.621
-74.629
-74.629
-74.647
-74.657
-74.668
-74.677
-74.687
-74.696
-74.705
-74.713
-74.721
-74.728
-74.735
-74.735
-74.753
-74.763
-74.773
-74.782
-74.791
-74.8
-74.808
-74.816
-74.823
-74.83
-74.837
-74.837
-74.854
-74.863
-74.873
-74.882
-74.89
-74.898
-74.906
-74.914
-74.921
-74.927
-74.933
-74.933
-74.949
-74.958
-74.967
-74.975
-74.983
-74.991
-74.998
-75.005
-75.011
-75.017
-75.023
-75.023
-75.037
-75.045
-75.053
-75.061
-75.061
-75.079
-75.09
-75.1
-75.109
-75.119
-75.128
-75.136
-75.144
-75.152
-75.159
-75.166
-75.166
-75.182
-75.192
-75.202
-75.211
-75.22
-75.228
-75.236
-75.243
-75.25
-75.257
-75.263
-75.263
-75.278
-75.288
-75.297
-75.305
-75.313
-75.321
-75.329
-75.336
-75.342
-75.348
-75.354
-75.354
-75.369
-75.378
-75.386
-75.394
-75.402
-75.409
-75.416
-75.423
-75.429
-75.434
-75.44
-75.44
-75.454
-75.462
-75.47
-75.478
-75.485
-75.492
-75.498
-75.505
-75.51
-75.515
-75.52
-75.52
-75.533
-75.541
-75.549
-75.556
-75.563
-75.569
-75.575
-75.58
-75.585
-75.59
-75.594
-75.594
-75.606
-75.613
-75.62
-75.626
-75.632
-75.638
-75.643
-75.648
-75.652
-75.655
-75.658
-75.658
-75.668
-75.674
-75.68
-75.685
-75.685
-75.698
-75.707
-75.714
-75.722
-75.728
-75.734
-75.734
-75.75
-75.759
-75.768
-75.777
-75.777
-75.797
-75.809
-75.82
-75.831
-75.842
-75.852
-75.862
-75.871
-75.881
-75.89
-75.899
-75.907
-75.915
-75.924
-75.931
-75.939
-75.947
-75.954
-75.961
-75.968
-75.975
-75.982
-75.988
-75.995
-76.001
-76.008
-76.014
-76.02
-76.026
-76.032
-76.037
-76.043
-76.049
-76.054
-76.06
-76.065
-76.071
-76.076
-76.081
-76.086
-76.092
-76.097
-76.102
-76.107
-76.112
-76.116
-76.121
-76.126
-76.131
-76.136
-76.14
-76.145
-76.15
-76.154
-76.159
-76.163
-76.168
-76.172
-76.177
-76.181
-76.186
-76.19
-76.195
-76.199
-76.203
-76.208
-76.212
-76.216
-76.22
-76.224
-76.229
-76.233
-76.237
-76.241
-76.245
-76.249
-76.253
-76.257
-76.261
-76.265
-76.269
-76.273
-76.277
-76.281
-76.285
-76.289
-76.293
-76.297
-76.3
-76.304
-76.308
-76.312
-76.316
-76.319
-76.323
-76.327
-76.33
-76.334
-76.338
-76.341
-76.345
-76.349
-76.352
-76.356
-76.359
-76.363
-76.366
-76.37
-76.373
-76.377
-76.38
-76.384
-76.387
-76.391
-76.394
-76.397
-76.401
-76.404
-76.407
-76.411
-76.414
-76.417
-76.421
-76.424
-76.427
-76.43
-76.434
-76.437
-76.44
-76.443
-76.446
-76.449
-76.452
-76.455
-76.459
-76.462
-76.465
-76.468
-76.471
-76.474
-76.477
-76.48
-76.483
-76.485
-76.488
-76.491
-76.494
-76.497
-76.5
-76.503
-76.505
-76.508
-76.511
-76.514
-76.516
-76.519
-76.522
-76.524
-76.527
-76.53
-76.532
-76.535
-76.537
-76.54
-76.542
-76.545
-76.547
-76.55
-76.552
-76.554
-76.557
-76.559
-76.561
-76.563
-76.565
-76.567
-76.57
-76.572
-76.573
-76.575
-76.577
-76.579
-76.581
-76.582
-76.584
-76.585
-76.587
-76.588
-76.589
-76.59
-76.591
-76.592
-76.593
-76.593
-76.594
-76.594
-76.594
-76.593
-76.593
-76.592
-76.591
-76.59
-76.589
-76.587
-76.584
-76.582
-76.578
-76.575
-76.571
-76.566
-76.561
-76.555
-76.548
-76.54
-76.531
-76.522
-76.511
-76.499
-76.486
-76.472
-76.456
-76.438
-76.418
-76.396
-76.372
-76.346
-76.316
-76.284
-76.248
-76.209
-76.166
-76.118
-76.066
-76.008
-75.944
-75.874
-75.797
-75.712
-75.619
-75.517
-75.405
-75.281
-75.146
-74.997
-74.834
-74.656
-74.461
-74.248
-74.015
-73.761
-73.484
-73.184
-72.858
-72.505
-72.123
-71.712
-71.27
-70.796
-70.289
-69.749
-69.175
-68.568
-67.928
-67.255
-66.551
-65.818
-65.055
-64.267
-63.455
-62.622
-61.77
-60.902
-60.022
-59.132
-58.234
-57.333
-56.43
-55.528
-54.63
-53.736
-52.85
-51.973
-51.107
-50.251
-49.408
-48.578
-47.762
-46.959
-46.17
-45.396
-44.636
-43.889
-43.156
-42.436
-41.729
-41.034
-40.351
-39.679
-39.018
-38.367
-37.725
-37.092
-36.468
-35.852
-35.243
-34.641
-34.045
-33.456
-32.871
-32.292
-31.717
-31.146
-30.579
-30.016
-29.455
-28.897
-28.342
-27.789
-27.238
-26.689
-26.141
-25.594
-25.049
-24.504
-23.96
-23.416
-22.873
-22.329
-21.786
-21.243
-20.699
-20.156
-19.611
-19.067
-18.521
-17.975
-17.428
-16.881
-16.332
-15.782
-15.232
-14.68
-14.127
-13.573
-13.017
-12.461
-11.903
-11.343
-10.782
-10.22
-9.6566
-9.0916
-8.525
-7.9569
-7.3873
-6.8162
-6.2436
-5.6695
-5.0938
-4.5165
-3.9377
-3.3574
-2.7756
-2.1922
-1.6074
-1.0211
-0.43327
0.15597
0.74662
1.3387
1.9321
2.5268
3.1228
3.7201
4.3185
4.9181
5.5188
6.1206
6.7233
7.3269
7.9314
8.5367
9.1427
9.7493
10.356
10.964
11.572
12.18
12.788
13.397
14.005
14.613
15.221
15.828
16.435
17.041
17.646
18.25
18.853
19.455
20.055
20.653
21.25
21.845
22.437
23.027
23.615
24.199
24.781
25.359
25.934
26.505
27.072
27.635
28.194
28.748
29.297
29.841
30.38
30.913
31.44
31.96
32.474
32.981
33.48
33.972
34.456
34.932
35.399
35.856
36.304
36.742
37.169
37.585
37.99
38.382
38.762
39.128
39.48
39.818
40.141
40.449
40.741
41.016
41.275
41.516
41.74
41.946
42.134
42.304
42.455
42.588
42.702
42.797
42.874
42.932
42.972
42.983
42.983
42.983
42.984
42.984
42.984
42.984
42.984
42.984
42.984
42.984
42.984
42.984
42.984
42.984
42.984
42.984
42.984
42.984
42.984
42.984
42.984
42.984
42.984
42.984
42.984
42.985
42.985
42.985
42.985
42.985
42.985
42.985
42.985
42.985
42.985
42.985
42.985
42.985
42.985
42.985
42.985
42.985
42.985
42.985
42.985
42.985
42.985
42.985
42.986
42.986
42.986
42.986
42.986
42.986
42.986
42.986
42.986
42.986
42.986
42.986
42.986
42.986
42.986
42.986
42.986
42.986
42.986
42.986
42.986
42.986
42.986
42.986
42.986
42.987
42.987
42.987
42.987
42.987
42.987
42.987
42.987
42.987
42.987
42.987
42.987
42.987
42.987
42.987
42.987
42.987
42.987
42.987
42.987
42.987
42.987
42.987
42.987
42.988
42.988
42.988
42.988
42.988
42.988
42.988
42.988
42.988
42.988
42.988
42.988
42.988
42.988
42.988
42.988
42.988
42.988
42.988
42.988
42.988
42.988
42.988
42.988
42.988
42.989
42.989
42.989
42.989
42.989
42.989
42.989
42.989
42.989
42.989
42.989
42.989
42.989
42.989
42.989
42.989
42.989
42.989
42.989
42.989
42.989
42.989
42.989
42.989
42.989
42.99
42.99
42.99
42.99
42.99
42.99
42.99
42.99
42.99
42.99
42.99
42.99
42.99
42.99
42.99
42.99
42.99
42.99
42.99
42.99
42.99
42.99
42.99
42.99
42.99
42.99
42.991
42.991
42.991
42.991
42.991
42.991
42.991
42.991
42.991
42.991
42.991
42.991
42.991
42.991
42.991
42.991
42.991
42.991
42.991
42.991
42.991
42.991
42.991
42.991
42.991
42.991
42.991
42.991
42.992
42.992
42.992
42.992
42.992
42.992
42.992
42.992
42.992
42.992
42.992
42.992
42.992
42.992
42.992
42.992
42.992
42.992
42.992
42.992
42.992
42.992
42.992
42.992
42.992
42.993
42.993
42.993
42.993
42.993
42.993
42.993
42.993
42.993
42.993
42.993
42.993
42.993
42.993
42.993
42.993
42.993
42.993
42.993
42.993
42.993
42.993
42.993
42.993
42.993
42.993
42.993
42.993
42.994
42.994
42.994
42.994
42.994
42.994
42.994
42.994
42.994
42.994
42.994
42.994
42.994
42.994
42.994
42.994
42.994
42.994
42.994
42.994
42.994
42.994
42.994
42.994
42.994
42.994
42.994
42.994
42.995
42.995
42.995
42.995
42.995
42.995
42.995
42.995
42.995
42.995
42.995
42.995
42.995
42.995
42.995
42.995
42.995
42.995
42.995
42.995
42.995
42.995
42.995
42.995
42.995
42.995
42.995
42.995
42.996
42.996
42.996
42.996
42.996
42.996
42.996
42.996
42.996
42.996
42.996
42.996
42.996
42.996
42.996
42.996
42.996
42.996
42.996
42.996
42.996
42.996
42.996
42.996
42.996
42.996
42.996
42.996
42.996
42.997
42.997
42.997
42.997
42.997
42.997
42.997
42.997
42.997
42.997
42.997
42.997
42.997
42.997
42.997
42.997
42.997
42.997
42.997
42.997
42.997
42.997
42.997
42.997
42.997
42.997
42.997
42.997
42.997
42.997
42.998
42.998
42.998
42.998
42.998
42.998
42.998
42.998
42.998
42.998
42.998
42.998
42.998
42.998
42.998
42.998
42.998
42.998
42.998
42.998
42.998
42.998
42.998
42.998
42.998
42.998
42.998
42.998
42.998
42.998
42.999
42.999
42.999
42.999
42.999
42.999
42.999
42.999
42.999
42.999
42.999
42.999
42.999
42.999
42.999
42.999
42.999
42.999
42.999
42.999
42.999
42.999
42.999
42.999
42.999
42.999
42.999
42.999
42.999
42.999
42.999
43
43
43
43
43
43
43
43
43
43
43
43
43
43
43
43
43
43
43
43
43
43
43
43
43
43
43
43
43
43
43
43
43.001
43.001
43.001
43.001
43.001
43.001
43.001
43.001
43.001
43.001
43.001
43.001
43.001
43.001
43.001
43.001
43.001
43.001
43.001
43.001
43.001
43.001
43.001
43.001
43.001
43.001
43.001
43.001
43.001
43.001
43.001
43.001
43.002
43.002
43.002
43.002
43.002
43.002
43.002
43.002
43.002
43.002
43.002
43.002
43.002
43.002
43.002
43.002
43.002
43.002
43.002
43.002
43.002
43.002
43.002
43.002
43.002
43.002
43.002
43.002
43.002
43.002
43.002
43.002
43.002
43.003
43.003
43.003
43.003
43.003
43.003
43.003
43.003
43.003
43.003
43.003
43.003
43.003
43.003
43.003
43.003
43.003
43.003
43.003
43.003
43.003
43.003
43.003
43.003
43.003
43.003
43.003
43.003
43.003
43.003
43.003
43.003
43.003
43.004
43.004
43.004
43.004
43.004
43.004
43.004
43.004
43.004
43.004
43.004
43.004
43.004
43.004
43.004
43.004
43.004
43.004
43.004
43.004
43.004
43.004
43.004
43.004
43.004
43.004
43.004
43.004
43.004
43.004
43.004
43.004
43.004
43.004
43.004
43.005
43.005
43.005
43.005
43.005
43.005
43.005
43.005
43.005
43.005
43.005
43.005
43.005
43.005
43.005
43.005
43.005
43.005
43.005
43.005
43.005
43.005
43.005
43.005
43.005
43.005
43.005
43.005
43.005
43.005
43.005
43.005
43.005
43.005
43.005
43.005
43.005
43.006
43.006
43.006
43.006
43.006
43.006
43.006
43.006
43.006
43.006
43.006
43.006
43.006
43.006
43.006
43.006
43.006
43.006
43.006
43.006
43.006
43.006
43.006
43.006
43.006
43.006
43.006
43.006
43.006
43.006
43.006
43.006
43.006
43.006
43.006
43.006
43.007
43.007
43.007
43.007
43.007
43.007
43.007
43.007
43.007
43.007
43.007
43.007
43.007
43.007
43.007
43.007
43.007
43.007
43.007
43.007
43.007
43.007
43.007
43.007
43.007
43.007
43.007
43.007
43.007
43.007
43.007
43.007
43.007
43.007
43.007
43.007
43.007
43.007
43.008
43.008
43.008
43.008
43.008
43.008
43.008
43.008
43.008
43.008
43.008
43.008
43.008
43.008
43.008
43.008
43.008
43.008
43.008
43.008
43.008
43.008
43.008
43.008
43.008
43.008
43.008
43.008
43.008
43.008
43.008
43.008
43.008
43.008
43.008
43.008
43.008
43.008
43.008
43.009
43.009
43.009
43.009
43.009
43.009
43.009
43.009
43.009
43.009
43.009
43.009
43.009
43.009
43.009
43.009
43.009
43.009
43.009
43.009
43.009
43.009
43.009
43.009
43.009
43.009
43.009
43.009
43.009
43.009
43.009
43.009
43.009
43.009
43.009
43.009
43.009
43.009
43.009
43.009
43.009
43.01
43.01
43.01
43.01
43.01
43.01
43.01
43.01
43.01
43.01
43.01
43.01
43.01
43.01
43.01
43.01
43.01
43.01
43.01
43.01
43.01
43.01
43.01
43.01
43.01
43.01
43.01
43.01
43.01
43.01
43.01
43.01
43.01
43.01
43.01
43.01
43.01
43.01
43.01
43.01
43.011
43.011
43.011
43.011
43.011
43.011
43.011
43.011
43.011
43.011
43.011
43.011
43.011
43.011
43.011
43.011
43.011
43.011
43.011
43.011
43.011
43.011
43.011
43.011
43.011
43.011
43.011
43.011
43.011
43.011
43.011
43.011
43.011
43.011
43.011
43.011
43.011
43.011
43.011
43.011
43.011
43.011
43.012
43.012
43.012
43.012
43.012
43.012
43.012
43.012
43.012
43.012
43.012
43.012
43.012
43.012
43.012
43.012
43.012
43.012
43.012
43.012
43.012
43.012
43.012
43.012
43.012
43.012
43.012
43.012
43.012
43.012
43.012
43.012
43.012
43.012
43.012
43.012
43.012
43.012
43.012
43.012
43.012
43.012
43.012
43.013
43.013
43.013
43.013
43.013
43.013
43.013
43.013
43.013
43.013
43.013
43.013
43.013
43.013
43.013
43.013
43.013
43.013
43.013
43.013
43.013
43.013
43.013
43.013
43.013
43.013
43.013
43.013
43.013
43.013
43.013
43.013
43.013
43.013
43.013
43.013
43.013
43.013
43.013
43.013
43.013
43.013
43.013
43.013
43.014
43.014
43.014
43.014
43.014
43.014
43.014
43.014
43.014
43.014
43.014
43.014
43.014
43.014
43.014
43.014
43.014
43.014
43.014
43.014
43.014
43.014
43.014
43.014
43.014
43.014
43.014
43.014
43.014
43.014
43.014
43.014
43.014
43.014
43.014
43.014
43.014
43.014
43.014
43.014
43.014
43.014
43.014
43.014
43.014
43.015
43.015
43.015
43.015
43.015
43.015
43.015
43.015
43.015
43.015
43.015
43.015
43.015
43.015
43.015
43.015
43.015
43.015
43.015
43.015
43.015
43.015
43.015
43.015
43.015
43.015
43.015
43.015
43.015
43.015
43.015
43.015
43.015
43.015
43.015
43.015
43.015
43.015
43.015
43.015
43.015
43.015
43.015
43.015
43.015
43.015
43.015
43.016
43.016
43.016
43.016
43.016
43.016
43.016
43.016
43.016
43.016
43.016
43.016
43.016
43.016
43.016
43.016
43.016
43.016
43.016
43.016
43.016
43.016
43.016
43.016
43.016
43.016
43.016
43.016
43.016
43.016
43.016
43.016
43.016
43.016
43.016
43.016
43.016
43.016
43.016
43.016
43.016
43.016
43.016
43.016
43.016
43.016
43.016
43.016
43.017
43.017
43.017
43.017
43.017
43.017
43.017
43.017
43.017
43.017
43.017
43.017
43.017
43.017
43.017
43.017
43.017
43.017
43.017
43.017
43.017
43.017
43.017
43.017
43.017
43.017
43.017
43.017
43.017
43.017
43.017
43.017
43.017
43.017
43.017
43.017
43.017
43.017
43.017
43.017
43.017
43.017
43.017
43.017
43.017
43.017
43.017
43.017
43.017
43.017
43.017
43.017
43.018
43.018
43.018
43.018
43.018
43.018
43.018
43.018
43.018
43.018
43.018
43.018
43.018
43.018
43.018
43.018
43.018
43.018
43.018
43.018
43.018
43.018
43.018
43.018
43.018
43.018
43.018
43.018
43.018
43.018
43.018
43.018
43.018
43.018
43.018
43.018
43.018
43.018
43.018
43.018
43.018
43.018
43.018
43.018
43.018
43.018
43.018
43.018
43.018
43.018
43.018
43.018
43.018
43.018
43.018
43.019
43.019
43.019
43.019
43.019
43.019
43.019
43.019
43.019
43.019
43.019
43.019
43.019
43.019
43.019
43.019
43.019
43.019
43.019
43.019
43.019
43.019
43.019
43.019
43.019
43.019
43.019
43.019
43.019
43.019
43.019
43.019
43.019
43.019
43.019
43.019
43.019
43.019
43.019
43.019
43.019
43.019
43.019
43.019
43.019
43.019
43.019
43.019
43.019
43.019
43.019
43.019
43.019
43.019
43.019
43.019
43.019
43.019
43.019
43.019
43.019
43.019
43.02
43.02
43.02
43.02
43.02
43.02
43.02
43.02
43.02
43.02
43.02
43.02
43.02
43.02
43.02
43.02
43.02
43.02
43.02
43.02
43.02
43.02
43.02
43.02
43.02
43.02
43.02
43.02
43.02
43.02
43.02
43.02
43.02
43.02
43.02
43.02
43.02
43.02
43.02
43.02
43.02
43.02
43.02
43.02
43.02
43.02
43.02
43.02
43.02
43.02
43.02
43.02
43.02
43.02
43.02
43.02
43.02
43.02
43.02
43.02
43.02
43.02
43.021
43.021
43.021
43.021
43.021
43.021
43.021
43.021
43.021
43.021
43.021
43.021
43.021
43.021
43.021
43.021
43.021
43.021
43.021
43.021
43.021
43.021
43.021
43.021
43.021
43.021
43.021
43.021
43.021
43.021
43.021
43.021
43.021
43.021
43.021
43.021
43.021
43.021
43.021
43.021
43.021
43.021
43.021
43.021
43.021
43.021
43.021
43.021
43.021
43.021
43.021
43.021
43.021
43.021
43.021
43.021
43.021
43.021
43.021
43.021
43.021
43.021
43.021
43.021
43.021
43.022
43.022
43.022
43.022
43.022
43.022
43.022
43.022
43.022
43.022
43.022
43.022
43.022
43.022
43.022
43.022
43.022
43.022
43.022
43.022
43.022
43.022
43.022
43.022
43.022
43.022
43.022
43.022
43.022
43.022
43.022
43.022
43.022
43.022
43.022
43.022
43.022
43.022
43.022
43.022
43.022
43.022
43.022
43.022
43.022
43.022
43.022
43.022
43.022
43.022
43.022
43.022
43.022
43.022
43.022
43.022
43.022
43.022
43.022
43.022
43.022
43.022
43.022
43.022
43.022
43.022
43.022
43.022
43.023
43.023
43.023
43.023
43.023
43.023
43.023
43.023
43.023
43.023
43.023
43.023
43.023
43.023
43.023
43.023
43.023
43.023
43.023
43.023
43.023
43.023
43.023
43.023
43.023
43.023
43.023
43.023
43.023
43.023
43.023
43.023
43.023
43.023
43.023
43.023
43.023
43.023
43.023
43.023
43.023
43.023
43.023
43.023
43.023
43.023
43.023
43.023
43.023
43.023
43.023
43.023
43.023
43.023
43.023
43.023
43.023
43.023
43.023
43.023
43.023
43.023
43.023
43.023
43.023
43.023
43.023
43.023
43.023
43.023
43.023
43.023
43.024
43.024
43.024
43.024
43.024
43.024
43.024
43.024
43.024
43.024
43.024
43.024
43.024
43.024
43.024
43.024
43.024
43.024
43.024
43.024
43.024
43.024
43.024
43.024
43.024
43.024
43.024
43.024
43.024
43.024
43.024
43.024
43.024
43.024
43.024
43.024
43.024
43.024
43.024
43.024
43.024
43.024
43.024
43.024
43.024
43.024
43.024
43.024
43.024
43.024
43.024
43.024
43.024
43.024
43.024
43.024
43.024
43.024
43.024
43.024
43.024
43.024
43.024
43.024
43.024
43.024
43.024
43.024
43.024
43.024
43.024
43.024
43.025
43.025
43.025
43.025
43.025
43.025
43.025
43.025
43.025
43.025
43.025
43.025
43.025
43.025
43.025
43.025
43.025
43.025
43.025
43.025
43.025
43.025
43.025
43.025
43.025
43.025
43.025
43.025
43.025
43.025
43.025
43.025
43.025
43.025
43.025
43.025
43.025
43.025
43.025
43.025
43.025
43.025
43.025
43.025
43.025
43.025
43.025
43.025
43.025
43.025
43.025
43.025
43.025
43.025
43.025
43.025
43.025
43.025
43.025
43.025
43.025
43.025
43.025
43.025
43.025
43.025
43.025
43.025
43.025
43.025
43.025
43.025
43.025
43.025
43.025
43.026
43.026
43.026
43.026
43.026
43.026
43.026
43.026
43.026
43.026
43.026
43.026
43.026
43.026
43.026
43.026
43.026
43.026
43.026
43.026
43.026
43.026
43.026
43.026
43.026
43.026
43.026
43.026
43.026
43.026
43.026
43.026
43.026
43.026
43.026
43.026
43.026
43.026
43.026
43.026
43.026
43.026
43.026
43.026
43.026
43.026
43.026
43.026
43.026
43.026
43.026
43.026
43.026
43.026
43.026
43.026
43.026
43.026
43.026
43.026
43.026
43.026
43.026
43.026
43.026
43.026
43.026
43.026
43.026
43.026
43.026
43.026
43.026
43.026
43.026
43.026
43.026
43.026
43.026
43.027
43.027
43.027
43.027
43.027
43.027
43.027
43.027
43.027
43.027
43.027
43.027
43.027
43.027
43.027
43.027
43.027
43.027
43.027
43.027
43.027
43.027
43.027
43.027
43.027
43.027
43.027
43.027
43.027
43.027
43.027
43.027
43.027
43.027
43.027
43.027
43.027
43.027
43.027
43.027
43.027
43.027
43.027
43.027
43.027
43.027
43.027
43.027
43.027
43.027
43.027
43.027
43.027
43.027
43.027
43.027
43.027
43.027
43.027
43.027
43.027
43.027
43.027
43.027
43.027
43.027
43.027
43.027
43.027
43.027
43.027
43.027
43.027
43.027
43.027
43.027
43.027
43.027
43.027
43.027
43.028
43.028
43.028
43.028
43.028
43.028
43.028
43.028
43.028
43.028
43.028
43.028
43.028
43.028
43.028
43.028
43.028
43.028
43.028
43.028
43.028
43.028
43.028
43.028
43.028
43.028
43.028
43.028
43.028
43.028
43.028
43.028
43.028
43.028
43.028
43.028
43.028
43.028
43.028
43.028
43.028
43.028
43.028
43.028
43.028
43.028
43.028
43.028
43.028
43.028
43.028
43.028
43.028
43.028
43.028
43.028
43.028
43.028
43.028
43.028
43.028
43.028
43.028
43.028
43.028
43.028
43.028
43.028
43.028
43.028
43.028
43.028
43.028
43.028
43.028
43.028
43.028
43.028
43.028
43.028
43.028
43.028
43.029
43.029
43.029
43.029
43.029
43.029
43.029
43.029
43.029
43.029
43.029
43.029
43.029
43.029
43.029
43.029
43.029
43.029
43.029
43.029
43.029
43.029
43.029
43.029
43.029
43.029
43.029
43.029
43.029
43.029
43.029
43.029
43.029
43.029
43.029
43.029
43.029
43.029
43.029
43.029
43.029
43.029
43.029
43.029
43.029
43.029
43.029
43.029
43.029
43.029
43.029
43.029
43.029
43.029
43.029
43.029
43.029
43.029
43.029
43.029
43.029
43.029
43.029
43.029
43.029
43.029
43.029
43.029
43.029
43.029
43.029
43.029
43.029
43.029
43.029
43.029
43.029
43.029
43.029
43.029
43.029
43.029
43.029
43.029
43.029
43.03
43.03
43.03
43.03
43.03
43.03
43.03
43.03
43.03
43.03
43.03
43.03
43.03
43.03
43.03
43.03
43.03
43.03
43.03
43.03
43.03
43.03
43.03
43.03
43.03
43.03
43.03
43.03
43.03
43.03
43.03
43.03
43.03
43.03
43.03
43.03
43.03
43.03
43.03
43.03
43.03
43.03
43.03
43.03
43.03
43.03
43.03
43.03
43.03
43.03
43.03
43.03
43.03
43.03
43.03
43.03
43.03
43.03
43.03
43.03
43.03
43.03
43.03
43.03
43.03
43.03
43.03
43.03
43.03
43.03
43.03
43.03
43.03
43.03
43.03
43.03
43.03
43.03
43.03
43.03
43.03
43.03
43.03
43.03
43.03
43.03
43.03
43.031
43.031
43.031
43.031
43.031
43.031
43.031
43.031
43.031
43.031
43.031
43.031
43.031
43.031
43.031
43.031
43.031
43.031
43.031
43.031
43.031
43.031
43.031
43.031
43.031
43.031
43.031
43.031
43.031
43.031
43.031
43.031
43.031
43.031
43.031
43.031
43.031
43.031
43.031
43.031
43.031
43.031
43.031
43.031
43.031
43.031
43.031
43.031
43.031
43.031
43.031
43.031
43.031
43.031
43.031
43.031
43.031
43.031
43.031
43.031
43.031
43.031
43.031
43.031
43.031
43.031
43.031
43.031
43.031
43.031
43.031
43.031
43.031
43.031
43.031
43.031
43.031
43.031
43.031
43.031
43.031
43.031
43.031
43.031
43.031
43.031
43.031
43.031
43.031
43.031
43.031
43.031
43.031
43.031
43.031
43.031
43.031
43.031
43.031
43.031
43.032
43.032
43.032
43.032
43.032
43.032
43.032
43.032
43.032
43.032
43.032
43.032
43.032
43.032
43.032
43.032
43.032
43.032
43.032
43.032
43.032
43.032
43.032
43.032
43.032
43.032
43.032
43.032
43.032
43.032
43.032
43.032
43.032
43.032
43.032
43.032
43.032
43.032
43.032
43.032
43.032
43.032
43.032
43.032
43.032
43.032
43.032
43.032
43.032
43.032
43.032
43.032
43.032
43.032
43.032
43.032
43.032
43.032
43.032
43.032
43.032
43.032
43.032
43.032
43.032
43.032
43.032
43.032
43.032
43.032
43.032
43.032
43.032
43.032
43.032
43.032
43.032
43.032
43.032
43.032
43.032
43.032
43.032
43.032
43.032
43.032
43.032
43.032
43.032
43.032
43.032
43.032
43.032
43.032
43.032
43.032
43.032
43.032
43.032
43.032
43.032
43.032
43.032
43.032
43.032
43.032
43.032
43.032
43.032
43.032
43.032
43.032
43.032
43.032
43.032
43.032
43.032
43.032
43.032
43.032
43.032
43.032
43.032
43.032
43.032
43.033
43.033
43.033
43.033
43.033
43.033
43.033
43.033
43.033
43.033
43.033
43.033
43.033
43.033
43.033
43.033
43.033
43.033
43.033
43.033
43.033
43.033
43.033
43.033
43.033
43.033
43.033
43.033
43.033
43.033
43.033
43.033
43.033
43.033
43.033
43.033
43.033
43.033
43.033
43.033
43.033
43.033
43.033
43.033
43.033
43.033
43.033
43.033
43.033
43.033
43.033
43.033
43.033
43.033
43.033
43.033
43.033
43.033
43.033
43.033
43.033
43.033
43.033
43.033
43.033
43.033
43.033
43.033
43.033
43.033
43.033
43.033
43.033
43.033
43.033
43.033
43.033
43.033
43.033
43.033
43.033
43.033
43.033
43.033
43.033
43.033
43.033
43.033
43.033
43.033
43.033
43.033
43.033
43.033
43.033
43.033
43.033
43.033
43.033
43.033
43.033
43.033
43.033
43.033
43.033
43.033
43.033
43.033
43.033
43.033
43.033
43.033
43.033
43.033
43.033
43.033
43.033
43.033
43.033
43.033
43.033
43.033
43.033
43.033
43.033
43.033
43.033
43.033
43.033
43.033
43.033
43.033
43.033
43.033
43.033
43.033
43.033
43.033
43.033
43.033
43.033
43.033
43.033
43.033
43.033
43.033
43.033
43.033
43.033
43.033
43.033
43.033
43.033
43.033
43.033
43.033
43.033
43.033
43.033
43.033
43.033
43.033
43.033
43.033
43.033
43.033
43.033
43.033
43.033
43.033
43.033
43.033
43.033
43.033
43.033
43.033
43.033
43.033
43.033
43.033
43.033
43.033
43.033
43.078
43.029
42.873
42.592
42.162
41.558
40.751
39.709
38.4
36.792
34.856
32.572
29.926
26.921
23.572
19.912
15.985
11.85
7.5718
3.2185
-1.1442
-5.4565
-9.6675
-13.736
-17.633
-21.336
-24.834
-28.12
-31.195
-34.063
-36.73
-39.205
-41.498
-43.618
-45.576
-47.383
-49.048
-50.582
-51.995
-53.294
-54.489
-55.587
-56.595
-57.521
-58.37
-59.149
-59.863
-60.517
-61.116
-61.664
-61.664
-62.63
-63.054
-63.442
-63.797
-64.12
-64.416
-64.686
-64.931
-65.155
-65.155
-65.549
-65.722
-65.88
-66.024
-66.154
-66.273
-66.381
-66.478
-66.567
-66.648
-66.72
-66.786
-66.846
-66.899
-66.948
-66.991
-67.03
-67.03
-67.1
-67.132
-67.161
-67.187
-67.21
-67.231
-67.249
-67.266
-67.281
-67.294
-67.305
-67.315
-67.324
-67.331
-67.337
-67.342
-67.346
-67.349
-67.352
-67.352
-67.358
-67.362
-67.362
-67.371
-67.377
-67.383
-67.387
-67.391
-67.395
-67.398
-67.401
-67.403
-67.405
-67.407
-67.408
-67.409
-67.409
-67.409
-67.408
-67.407
-67.406
-67.405
-67.405
-67.405
-67.406
-67.406
-67.412
-67.416
-67.42
-67.424
-67.428
-67.431
-67.434
-67.437
-67.439
-67.441
-67.443
-67.445
-67.446
-67.447
-67.448
-67.449
-67.449
-67.449
-67.449
-67.449
-67.448
-67.447
-67.446
-67.445
-67.443
-67.441
-67.439
-67.437
-67.434
-67.432
-67.428
-67.425
-67.425
-67.421
-67.421
-67.421
-67.424
-67.427
-67.429
-67.432
-67.434
-67.436
-67.437
-67.439
-67.44
-67.441
-67.441
-67.442
-67.442
-67.442
-67.441
-67.441
-67.44
-67.439
-67.437
-67.436
-67.434
-67.431
-67.429
-67.426
-67.423
-67.42
-67.417
-67.413
-67.409
-67.404
-67.4
-67.394
-67.389
-67.383
-67.377
-67.371
-67.371
-67.361
-67.358
-67.358
-67.354
-67.354
-67.354
-67.356
-67.358
-67.358
-67.366
-67.372
-67.377
-67.382
-67.386
-67.39
-67.394
-67.398
-67.401
-67.404
-67.406
-67.408
-67.41
-67.412
-67.413
-67.414
-67.415
-67.416
-67.416
-67.416
-67.415
-67.415
-67.414
-67.412
-67.411
-67.409
-67.407
-67.405
-67.402
-67.399
-67.395
-67.392
-67.388
-67.383
-67.379
-67.374
-67.374
-67.367
-67.365
-67.365
-67.364
-67.365
-67.365
-67.37
-67.374
-67.374
-67.385
-67.391
-67.398
-67.404
-67.41
-67.416
-67.422
-67.427
-67.432
-67.436
-67.441
-67.445
-67.449
-67.452
-67.456
-67.459
-67.462
-67.465
-67.467
-67.47
-67.472
-67.474
-67.475
-67.477
-67.478
-67.479
-67.48
-67.481
-67.481
-67.482
-67.482
-67.482
-67.482
-67.481
-67.481
-67.48
-67.479
-67.478
-67.476
-67.475
-67.473
-67.471
-67.469
-67.467
-67.464
-67.461
-67.458
-67.455
-67.452
-67.448
-67.444
-67.44
-67.435
-67.431
-67.426
-67.42
-67.415
-67.409
-67.403
-67.403
-67.394
-67.391
-67.391
-67.388
-67.388
-67.388
-67.391
-67.394
-67.394
-67.403
-67.409
-67.415
-67.421
-67.426
-67.431
-67.436
-67.441
-67.445
-67.449
-67.453
-67.456
-67.46
-67.463
-67.466
-67.468
-67.471
-67.473
-67.475
-67.477
-67.479
-67.48
-67.481
-67.482
-67.483
-67.484
-67.485
-67.485
-67.485
-67.485
-67.485
-67.484
-67.484
-67.483
-67.482
-67.481
-67.48
-67.478
-67.476
-67.475
-67.472
-67.47
-67.468
-67.465
-67.462
-67.459
-67.455
-67.452
-67.448
-67.444
-67.439
-67.435
-67.43
-67.425
-67.42
-67.414
-67.408
-67.402
-67.395
-67.388
-67.381
-67.373
-67.365
-67.357
-67.349
-67.34
-67.33
-67.32
-67.31
-67.299
-67.299
-67.281
-67.273
-67.273
-67.259
-67.254
-67.254
-67.246
-67.243
-67.243
-67.24
-67.24
-67.24
-67.242
-67.244
-67.244
-67.251
-67.256
-67.256
-67.269
-67.276
-67.276
-67.294
-67.304
-67.314
-67.323
-67.332
-67.341
-67.349
-67.357
-67.364
-67.371
-67.378
-67.384
-67.39
-67.395
-67.401
-67.406
-67.41
-67.415
-67.419
-67.423
-67.426
-67.43
-67.433
-67.435
-67.438
-67.44
-67.442
-67.444
-67.445
-67.447
-67.448
-67.448
-67.449
-67.449
-67.449
-67.449
-67.449
-67.448
-67.447
-67.446
-67.445
-67.443
-67.441
-67.439
-67.437
-67.434
-67.431
-67.428
-67.425
-67.421
-67.417
-67.413
-67.408
-67.403
-67.398
-67.393
-67.387
-67.381
-67.374
-67.367
-67.36
-67.353
-67.345
-67.337
-67.328
-67.319
-67.309
-67.299
-67.289
-67.278
-67.278
-67.258
-67.25
-67.25
-67.236
-67.23
-67.23
-67.221
-67.218
-67.218
-67.214
-67.213
-67.213
-67.214
-67.216
-67.216
-67.222
-67.226
-67.226
-67.237
-67.243
-67.243
-67.259
-67.268
-67.268
-67.29
-67.302
-67.313
-67.324
-67.335
-67.345
-67.355
-67.364
-67.373
-67.382
-67.39
-67.398
-67.406
-67.414
-67.421
-67.428
-67.434
-67.441
-67.447
-67.453
-67.458
-67.464
-67.469
-67.474
-67.479
-67.483
-67.488
-67.492
-67.496
-67.5
-67.503
-67.507
-67.51
-67.514
-67.517
-67.52
-67.523
-67.525
-67.528
-67.53
-67.533
-67.535
-67.537
-67.539
-67.541
-67.543
-67.544
-67.546
-67.548
-67.549
-67.55
-67.552
-67.553
-67.554
-67.555
-67.556
-67.556
-67.557
-67.558
-67.558
-67.559
-67.559
-67.56
-67.56
-67.56
-67.56
-67.56
-67.56
-67.56
-67.56
-67.56
-67.559
-67.559
-67.558
-67.558
-67.557
-67.557
-67.556
-67.555
-67.554
-67.553
-67.552
-67.55
-67.549
-67.548
-67.546
-67.545
-67.543
-67.541
-67.539
-67.537
-67.535
-67.533
-67.531
-67.528
-67.526
-67.523
-67.52
-67.517
-67.514
-67.511
-67.507
-67.504
-67.5
-67.496
-67.492
-67.488
-67.484
-67.479
-67.474
-67.47
-67.464
-67.459
-67.453
-67.448
-67.441
-67.441
-67.433
-67.43
-67.427
-67.423
-67.42
-67.42
-67.415
-67.415
-67.414
-67.413
-67.412
-67.412
-67.412
-67.414
-67.415
-67.416
-67.417
-67.417
-67.422
-67.426
-67.43
-67.433
-67.437
-67.44
-67.442
-67.445
-67.447
-67.449
-67.451
-67.452
-67.454
-67.455
-67.455
-67.456
-67.456
-67.457
-67.456
-67.456
-67.456
-67.455
-67.454
-67.453
-67.451
-67.449
-67.448
-67.445
-67.443
-67.44
-67.437
-67.434
-67.431
-67.427
-67.423
-67.419
-67.414
-67.41
-67.405
-67.399
-67.393
-67.387
-67.381
-67.374
-67.367
-67.36
-67.36
-67.348
-67.344
-67.339
-67.333
-67.328
-67.328
-67.319
-67.316
-67.313
-67.309
-67.305
-67.305
-67.3
-67.298
-67.296
-67.294
-67.291
-67.291
-67.288
-67.288
-67.288
-67.287
-67.285
-67.285
-67.285
-67.286
-67.287
-67.287
-67.286
-67.286
-67.289
-67.291
-67.293
-67.295
-67.296
-67.296
-67.3
-67.304
-67.307
-67.31
-67.313
-67.313
-67.32
-67.326
-67.33
-67.335
-67.339
-67.339
-67.35
-67.357
-67.363
-67.369
-67.375
-67.38
-67.386
-67.39
-67.395
-67.399
-67.403
-67.406
-67.409
-67.412
-67.415
-67.417
-67.419
-67.421
-67.423
-67.424
-67.425
-67.425
-67.426
-67.426
-67.426
-67.425
-67.424
-67.424
-67.422
-67.421
-67.419
-67.417
-67.414
-67.412
-67.409
-67.406
-67.402
-67.398
-67.394
-67.389
-67.385
-67.379
-67.374
-67.368
-67.362
-67.355
-67.355
-67.345
-67.341
-67.337
-67.333
-67.328
-67.328
-67.321
-67.319
-67.317
-67.314
-67.31
-67.31
-67.306
-67.306
-67.305
-67.303
-67.302
-67.302
-67.3
-67.301
-67.302
-67.302
-67.301
-67.301
-67.303
-67.305
-67.307
-67.308
-67.309
-67.309
-67.313
-67.317
-67.32
-67.323
-67.326
-67.326
-67.333
-67.338
-67.343
-67.348
-67.352
-67.352
-67.363
-67.37
-67.376
-67.383
-67.388
-67.394
-67.399
-67.404
-67.409
-67.413
-67.418
-67.421
-67.425
-67.428
-67.431
-67.434
-67.436
-67.438
-67.44
-67.442
-67.444
-67.445
-67.446
-67.447
-67.447
-67.447
-67.447
-67.447
-67.447
-67.446
-67.445
-67.444
-67.442
-67.44
-67.439
-67.436
-67.434
-67.431
-67.428
-67.425
-67.421
-67.418
-67.413
-67.409
-67.404
-67.399
-67.394
-67.389
-67.383
-67.376
-67.37
-67.363
-67.363
-67.352
-67.348
-67.343
-67.338
-67.333
-67.333
-67.326
-67.323
-67.321
-67.317
-67.314
-67.314
-67.309
-67.308
-67.307
-67.305
-67.303
-67.303
-67.301
-67.302
-67.302
-67.302
-67.301
-67.301
-67.302
-67.304
-67.305
-67.306
-67.307
-67.307
-67.311
-67.314
-67.317
-67.32
-67.322
-67.322
-67.329
-67.334
-67.338
-67.342
-67.346
-67.346
-67.356
-67.363
-67.369
-67.375
-67.38
-67.386
-67.39
-67.395
-67.399
-67.403
-67.407
-67.41
-67.413
-67.416
-67.418
-67.42
-67.422
-67.424
-67.425
-67.426
-67.427
-67.427
-67.428
-67.428
-67.427
-67.427
-67.426
-67.425
-67.423
-67.422
-67.42
-67.417
-67.415
-67.412
-67.409
-67.406
-67.402
-67.398
-67.394
-67.389
-67.384
-67.379
-67.373
-67.367
-67.361
-67.354
-67.354
-67.343
-67.34
-67.335
-67.331
-67.326
-67.326
-67.319
-67.316
-67.314
-67.311
-67.307
-67.307
-67.303
-67.302
-67.301
-67.299
-67.297
-67.297
-67.296
-67.296
-67.296
-67.296
-67.295
-67.295
-67.296
-67.298
-67.3
-67.301
-67.301
-67.301
-67.305
-67.309
-67.312
-67.314
-67.316
-67.316
-67.323
-67.328
-67.332
-67.336
-67.34
-67.34
-67.35
-67.356
-67.362
-67.368
-67.373
-67.373
-67.387
-67.396
-67.404
-67.412
-67.419
-67.426
-67.433
-67.44
-67.446
-67.453
-67.458
-67.464
-67.47
-67.475
-67.48
-67.485
-67.49
-67.494
-67.499
-67.503
-67.507
-67.511
-67.515
-67.518
-67.522
-67.525
-67.528
-67.532
-67.535
-67.537
-67.54
-67.543
-67.545
-67.548
-67.55
-67.553
-67.555
-67.557
-67.559
-67.561
-67.563
-67.565
-67.566
-67.568
-67.57
-67.571
-67.573
-67.574
-67.576
-67.577
-67.578
-67.58
-67.581
-67.582
-67.583
-67.584
-67.585
-67.586
-67.587
-67.588
-67.589
-67.59
-67.591
-67.591
-67.592
-67.593
-67.594
-67.594
-67.595
-67.595
-67.596
-67.597
-67.597
-67.598
-67.598
-67.599
-67.599
-67.6
-67.6
-67.6
-67.601
-67.601
-67.602
-67.602
-67.602
-67.603
-67.603
-67.603
-67.604
-67.604
-67.604
-67.604
-67.605
-67.605
-67.605
-67.605
-67.605
-67.606
-67.606
-67.606
-67.606
-67.606
-67.606
-67.607
-67.607
-67.607
-67.607
-67.607
-67.607
-67.607
-67.607
-67.607
-67.607
-67.607
-67.608
-67.608
-67.608
-67.608
-67.608
-67.608
-67.608
-67.608
-67.608
-67.608
-67.608
-67.608
-67.608
-67.608
-67.608
-67.608
-67.607
-67.607
-67.607
-67.607
-67.607
-67.607
-67.607
-67.607
-67.607
-67.607
-67.607
-67.606
-67.606
-67.606
-67.606
-67.606
-67.606
-67.606
-67.605
-67.605
-67.605
-67.605
-67.604
-67.604
-67.604
-67.604
-67.603
-67.603
-67.603
-67.603
-67.602
-67.602
-67.602
-67.601
-67.601
-67.6
-67.6
-67.599
-67.599
-67.599
-67.598
-67.598
-67.597
-67.596
-67.596
-67.595
-67.595
-67.594
-67.593
-67.593
-67.592
-67.591
-67.59
-67.589
-67.589
-67.588
-67.587
-67.586
-67.585
-67.584
-67.583
-67.582
-67.58
-67.579
-67.578
-67.577
-67.575
-67.574
-67.572
-67.571
-67.569
-67.568
-67.566
-67.564
-67.562
-67.56
-67.558
-67.556
-67.554
-67.552
-67.55
-67.547
-67.545
-67.542
-67.539
-67.537
-67.534
-67.531
-67.527
-67.524
-67.521
-67.517
-67.514
-67.51
-67.506
-67.502
-67.497
-67.493
-67.488
-67.483
-67.478
-67.473
-67.468
-67.468
-67.46
-67.458
-67.456
-67.454
-67.451
-67.448
-67.445
-67.441
-67.437
-67.433
-67.429
-67.429
-67.424
-67.423
-67.422
-67.42
-67.418
-67.416
-67.413
-67.411
-67.408
-67.404
-67.401
-67.401
-67.396
-67.396
-67.395
-67.394
-67.392
-67.39
-67.388
-67.386
-67.383
-67.38
-67.376
-67.376
-67.372
-67.372
-67.371
-67.37
-67.37
-67.37
-67.372
-67.373
-67.374
-67.375
-67.375
-67.375
-67.375
-67.375
-67.373
-67.372
-67.372
-67.372
-67.374
-67.375
-67.376
-67.377
-67.377
-67.377
-67.377
-67.376
-67.375
-67.373
-67.373
-67.373
-67.375
-67.376
-67.377
-67.377
-67.377
-67.377
-67.377
-67.376
-67.374
-67.373
-67.373
-67.373
-67.374
-67.375
-67.376
-67.376
-67.376
-67.376
-67.375
-67.374
-67.373
-67.371
-67.371
-67.371
-67.372
-67.373
-67.373
-67.373
-67.373
-67.373
-67.372
-67.371
-67.369
-67.367
-67.367
-67.367
-67.368
-67.368
-67.369
-67.369
-67.368
-67.368
-67.367
-67.365
-67.363
-67.361
-67.361
-67.36
-67.361
-67.361
-67.361
-67.361
-67.36
-67.359
-67.358
-67.356
-67.354
-67.351
-67.351
-67.349
-67.349
-67.349
-67.349
-67.349
-67.351
-67.354
-67.356
-67.357
-67.359
-67.36
-67.36
-67.361
-67.361
-67.36
-67.359
-67.359
-67.361
-67.363
-67.365
-67.366
-67.367
-67.368
-67.368
-67.368
-67.368
-67.367
-67.366
-67.366
-67.366
-67.368
-67.37
-67.371
-67.372
-67.372
-67.372
-67.372
-67.371
-67.37
-67.369
-67.369
-67.369
-67.371
-67.372
-67.373
-67.374
-67.374
-67.374
-67.374
-67.373
-67.372
-67.37
-67.37
-67.37
-67.372
-67.373
-67.374
-67.374
-67.374
-67.374
-67.373
-67.372
-67.371
-67.369
-67.369
-67.369
-67.37
-67.371
-67.372
-67.372
-67.372
-67.371
-67.371
-67.37
-67.368
-67.366
-67.366
-67.365
-67.366
-67.367
-67.368
-67.368
-67.367
-67.367
-67.366
-67.364
-67.362
-67.36
-67.36
-67.359
-67.36
-67.36
-67.36
-67.36
-67.359
-67.358
-67.357
-67.355
-67.353
-67.35
-67.35
-67.348
-67.348
-67.348
-67.348
-67.348
-67.35
-67.353
-67.355
-67.357
-67.358
-67.359
-67.36
-67.36
-67.36
-67.359
-67.358
-67.358
-67.36
-67.362
-67.364
-67.365
-67.366
-67.367
-67.367
-67.367
-67.366
-67.366
-67.364
-67.364
-67.365
-67.367
-67.368
-67.369
-67.37
-67.371
-67.371
-67.37
-67.37
-67.369
-67.367
-67.367
-67.367
-67.369
-67.37
-67.371
-67.372
-67.372
-67.372
-67.371
-67.37
-67.369
-67.367
-67.367
-67.367
-67.369
-67.37
-67.37
-67.371
-67.371
-67.37
-67.369
-67.368
-67.367
-67.365
-67.365
-67.364
-67.365
-67.366
-67.367
-67.367
-67.366
-67.366
-67.365
-67.363
-67.362
-67.359
-67.359
-67.358
-67.359
-67.36
-67.36
-67.359
-67.359
-67.358
-67.356
-67.355
-67.352
-67.35
-67.35
-67.348
-67.348
-67.348
-67.348
-67.348
-67.35
-67.352
-67.355
-67.356
-67.358
-67.359
-67.359
-67.36
-67.36
-67.359
-67.358
-67.358
-67.359
-67.362
-67.363
-67.365
-67.366
-67.366
-67.367
-67.367
-67.366
-67.365
-67.364
-67.364
-67.365
-67.367
-67.368
-67.369
-67.37
-67.371
-67.371
-67.37
-67.37
-67.369
-67.367
-67.367
-67.367
-67.369
-67.37
-67.371
-67.372
-67.372
-67.372
-67.371
-67.37
-67.369
-67.367
-67.367
-67.367
-67.369
-67.37
-67.37
-67.371
-67.371
-67.37
-67.369
-67.368
-67.367
-67.365
-67.365
-67.364
-67.366
-67.366
-67.367
-67.367
-67.367
-67.366
-67.365
-67.364
-67.362
-67.36
-67.36
-67.358
-67.359
-67.36
-67.36
-67.36
-67.359
-67.358
-67.357
-67.355
-67.353
-67.35
-67.35
-67.348
-67.348
-67.348
-67.348
-67.348
-67.35
-67.353
-67.355
-67.357
-67.358
-67.359
-67.36
-67.36
-67.36
-67.36
-67.359
-67.359
-67.36
-67.362
-67.364
-67.366
-67.367
-67.367
-67.368
-67.368
-67.367
-67.366
-67.365
-67.365
-67.366
-67.368
-67.369
-67.371
-67.371
-67.372
-67.372
-67.372
-67.371
-67.37
-67.369
-67.369
-67.369
-67.371
-67.372
-67.373
-67.374
-67.374
-67.374
-67.373
-67.373
-67.371
-67.37
-67.37
-67.37
-67.371
-67.373
-67.373
-67.374
-67.374
-67.374
-67.373
-67.372
-67.371
-67.369
-67.369
-67.369
-67.37
-67.371
-67.372
-67.372
-67.372
-67.371
-67.371
-67.369
-67.368
-67.366
-67.366
-67.365
-67.366
-67.367
-67.368
-67.368
-67.367
-67.367
-67.366
-67.364
-67.362
-67.36
-67.36
-67.359
-67.36
-67.36
-67.36
-67.36
-67.359
-67.358
-67.357
-67.355
-67.353
-67.35
-67.35
-67.348
-67.348
-67.348
-67.348
-67.348
-67.35
-67.353
-67.355
-67.357
-67.358
-67.359
-67.36
-67.36
-67.36
-67.359
-67.358
-67.358
-67.36
-67.362
-67.364
-67.365
-67.366
-67.367
-67.367
-67.367
-67.366
-67.366
-67.364
-67.364
-67.365
-67.367
-67.368
-67.369
-67.37
-67.371
-67.371
-67.37
-67.37
-67.369
-67.367
-67.367
-67.367
-67.369
-67.37
-67.371
-67.372
-67.372
-67.372
-67.371
-67.37
-67.369
-67.367
-67.367
-67.367
-67.369
-67.37
-67.37
-67.371
-67.371
-67.37
-67.369
-67.368
-67.367
-67.365
-67.365
-67.364
-67.365
-67.366
-67.367
-67.367
-67.366
-67.366
-67.365
-67.363
-67.362
-67.359
-67.359
-67.358
-67.359
-67.36
-67.36
-67.359
-67.359
-67.358
-67.356
-67.355
-67.352
-67.35
-67.35
-67.348
-67.348
-67.348
-67.348
-67.348
-67.35
-67.352
-67.355
-67.356
-67.358
-67.359
-67.359
-67.36
-67.36
-67.359
-67.358
-67.358
-67.36
-67.362
-67.363
-67.365
-67.366
-67.366
-67.367
-67.367
-67.366
-67.365
-67.364
-67.364
-67.365
-67.367
-67.368
-67.369
-67.37
-67.371
-67.371
-67.37
-67.37
-67.369
-67.367
-67.367
-67.367
-67.369
-67.37
-67.371
-67.372
-67.372
-67.372
-67.371
-67.37
-67.369
-67.367
-67.367
-67.367
-67.369
-67.37
-67.37
-67.371
-67.371
-67.37
-67.37
-67.368
-67.367
-67.365
-67.365
-67.364
-67.366
-67.366
-67.367
-67.367
-67.367
-67.366
-67.365
-67.364
-67.362
-67.36
-67.36
-67.359
-67.359
-67.36
-67.36
-67.36
-67.359
-67.358
-67.357
-67.355
-67.353
-67.35
-67.35
-67.348
-67.349
-67.349
-67.348
-67.348
-67.35
-67.353
-67.355
-67.357
-67.358
-67.359
-67.36
-67.36
-67.36
-67.36
-67.359
-67.359
-67.361
-67.363
-67.364
-67.366
-67.367
-67.368
-67.368
-67.368
-67.368
-67.367
-67.366
-67.366
-67.367
-67.369
-67.37
-67.371
-67.372
-67.372
-67.373
-67.372
-67.372
-67.371
-67.37
-67.37
-67.37
-67.372
-67.373
-67.374
-67.375
-67.375
-67.375
-67.374
-67.374
-67.373
-67.371
-67.371
-67.371
-67.373
-67.374
-67.375
-67.375
-67.375
-67.375
-67.375
-67.374
-67.373
-67.371
-67.371
-67.371
-67.372
-67.373
-67.374
-67.374
-67.374
-67.374
-67.373
-67.372
-67.371
-67.369
-67.369
-67.368
-67.37
-67.371
-67.371
-67.371
-67.371
-67.37
-67.37
-67.368
-67.367
-67.365
-67.365
-67.364
-67.365
-67.365
-67.366
-67.366
-67.369
-67.372
-67.375
-67.378
-67.38
-67.382
-67.382
-67.389
-67.394
-67.398
-67.403
-67.403
-67.414
-67.422
-67.429
-67.436
-67.442
-67.449
-67.455
-67.461
-67.466
-67.472
-67.477
-67.482
-67.487
-67.491
-67.496
-67.5
-67.504
-67.508
-67.512
-67.516
-67.52
-67.523
-67.526
-67.53
-67.533
-67.536
-67.538
-67.541
-67.544
-67.546
-67.549
-67.551
-67.553
-67.556
-67.558
-67.56
-67.562
-67.564
-67.565
-67.567
-67.569
-67.57
-67.572
-67.573
-67.575
-67.576
-67.578
-67.579
-67.58
-67.581
-67.583
-67.584
-67.585
-67.586
-67.587
-67.588
-67.589
-67.589
-67.59
-67.591
-67.592
-67.593
-67.593
-67.594
-67.595
-67.595
-67.596
-67.597
-67.597
-67.598
-67.598
-67.599
-67.599
-67.6
-67.6
-67.601
-67.601
-67.601
-67.602
-67.602
-67.603
-67.603
-67.603
-67.604
-67.604
-67.604
-67.605
-67.605
-67.605
-67.605
-67.606
-67.606
-67.606
-67.606
-67.607
-67.607
-67.607
-67.607
-67.607
-67.607
-67.608
-67.608
-67.608
-67.608
-67.608
-67.608
-67.609
-67.609
-67.609
-67.609
-67.609
-67.609
-67.609
-67.609
-67.61
-67.61
-67.61
-67.61
-67.61
-67.61
-67.61
-67.61
-67.61
-67.61
-67.61
-67.61
-67.61
-67.611
-67.611
-67.611
-67.611
-67.611
-67.611
-67.611
-67.611
-67.611
-67.611
-67.611
-67.611
-67.611
-67.611
-67.611
-67.611
-67.611
-67.611
-67.611
-67.611
-67.611
-67.611
-67.611
-67.611
-67.611
-67.612
-67.612
-67.612
-67.612
-67.612
-67.612
-67.612
-67.612
-67.612
-67.612
-67.612
-67.612
-67.612
-67.612
-67.612
-67.612
-67.612
-67.612
-67.612
-67.612
-67.612
-67.612
-67.612
-67.612
-67.612
-67.612
-67.612
-67.612
-67.612
-67.612
-67.612
-67.612
-67.612
-67.612
-67.612
-67.612
-67.612
-67.612
-67.612
-67.612
-67.612
-67.612
-67.612
-67.612
-67.612
-67.612
-67.612
-67.612
-67.612
-67.612
-67.612
-67.612
-67.612
-67.612
-67.612
-67.612
-67.612
-67.612
-67.612
-67.612
-67.612
-67.612
-67.612
-67.612
-67.612
-67.612
-67.612
-67.612
-67.612
-67.612
-67.612
-67.612
-67.612
-67.612
-67.612
-67.612
-67.612
-67.612
-67.612
-67.612
-67.612
-67.612
-67.612
-67.612
-67.612
-67.612
-67.612
-67.612
-67.612
-67.612
-67.612
-67.612
-67.612
-67.612
-67.612
-67.612
-67.612
-67.612
-67.612
-67.612
-67.612
-67.612
-67.612
-67.612
-67.612
-67.612
-67.612
-67.612
-67.612
-67.612
-67.612
-67.612
-67.612
-67.612
-67.612
-67.612
-67.612
-67.612
-67.612
-67.612
-67.612
-67.612
-67.612
-67.612
-67.612
-67.612
-67.612
-67.612
-67.612
-67.612
-67.612
-67.612
-67.612
-67.612
-67.612
-67.612
-67.612
-67.612
-67.612
-67.612
-67.612
-67.612
-67.612
-67.612
-67.612
-67.612
-67.612
-67.612
-67.612
-67.612
-67.612
-67.612
-67.612
-67.612
-67.612
-67.612
-67.612
-67.612
-67.612
-67.612
-67.612
-67.612
-67.612
-67.612
-67.612
-67.612
-67.612
-67.612
-67.612
-67.612
-67.612
-67.612
-67.612
-67.612
-67.612
-67.612
-67.612
-67.612
-67.612
-67.612
-67.612
-67.612
-67.612
-67.612
-67.612
-67.612
-67.612
-67.612
-67.612
-67.612
-67.612
-67.612
-67.612
-67.612
-67.612
-67.612
-67.612
-67.612
-67.612
-67.612
-67.612
-67.612
-67.612
-67.612
-67.612
-67.612
-67.612
-67.612
-67.612
-67.612
-67.612
-67.612
-67.612
-67.612
-67.612
-67.612
-67.612
-67.612
-67.612
-67.612
-67.612
-67.612
-67.612
-67.612
-67.612
-67.612
-67.612
-67.612
-67.612
-67.612
-67.612
-67.612
-67.612
-67.612
-67.612
-67.612
-67.612
-67.612
-67.612
-67.612
-67.612
-67.612
-67.612
-67.612
-67.612
-67.612
-67.612
-67.612
-67.612
-67.612
-67.612
-67.612
-67.612
-67.612
-67.612
-67.612
-67.612
-67.612
-67.612
-67.612
-67.612
-67.612
-67.612
-67.612
-67.612
-67.612
-67.612
-67.612
-67.612
-67.612
-67.612
-67.612
-67.612
-67.612
-67.612
-67.612
-67.612
-67.612
-67.612
-67.612
-67.612
-67.612
-67.612
-67.612
-67.612
-67.612
-67.612
-67.612
-67.612
-67.612
-67.612
-67.612
-67.612
-67.612
-67.612
-67.612
-67.612
-67.612
-67.612
-67.612
-67.612
-67.612
-67.612
-67.612
-67.612
-67.612
