-67.508
-67.51
-67.512
-67.515
-67.517
-67.519
-67.521
-67.522
-67.524
-67.525
-67.527
-67.528
-67.529
-67.53
-67.531
-67.532
-67.533
-67.533
-67.534
-67.534
-67.534
-67.535
-67.535
-67.535
-67.535
-67.534
-67.534
-67.534
-67.533
-67.532
-67.532
-67.531
-67.53
-67.529
-67.528
-67.526
-67.525
-67.523
-67.522
-67.52
-67.518
-67.516
-67.514
-67.512
-67.509
-67.507
-67.504
-67.501
-67.498
-67.495
-67.495
-67.491
-67.491
-67.49
-67.489
-67.487
-67.486
-67.484
-67.483
-67.481
-67.481
-67.48
-67.48
-67.48
-67.48
-67.48
-67.48
-67.48
-67.479
-67.478
-67.478
-67.477
-67.475
-67.474
-67.473
-67.471
-67.469
-67.467
-67.467
-67.465
-67.465
-67.466
-67.465
-67.465
-67.465
-67.464
-67.463
-67.462
-67.461
-67.46
-67.458
-67.456
-67.455
-67.452
-67.45
-67.448
-67.445
-67.442
-67.442
-67.439
-67.438
-67.438
-67.439
-67.441
-67.442
-67.443
-67.444
-67.445
-67.446
-67.446
-67.446
-67.446
-67.446
-67.446
-67.445
-67.444
-67.443
-67.442
-67.441
-67.439
-67.438
-67.438
-67.436
-67.437
-67.437
-67.44
-67.443
-67.445
-67.448
-67.45
-67.452
-67.453
-67.455
-67.456
-67.457
-67.459
-67.459
-67.46
-67.461
-67.461
-67.461
-67.461
-67.461
-67.461
-67.46
-67.459
-67.458
-67.457
-67.456
-67.455
-67.453
-67.452
-67.45
-67.448
-67.445
-67.443
-67.44
-67.44
-67.437
-67.437
-67.437
-67.438
-67.44
-67.441
-67.443
-67.444
-67.445
-67.446
-67.446
-67.447
-67.447
-67.447
-67.447
-67.447
-67.447
-67.446
-67.445
-67.444
-67.443
-67.442
-67.44
-67.438
-67.437
-67.434
-67.432
-67.43
-67.427
-67.424
-67.421
-67.418
-67.414
-67.411
-67.407
-67.403
-67.398
-67.394
-67.389
-67.389
-67.382
-67.379
-67.379
-67.376
-67.375
-67.375
-67.376
-67.377
-67.377
-67.382
-67.386
-67.389
-67.393
-67.395
-67.398
-67.401
-67.403
-67.405
-67.407
-67.408
-67.41
-67.411
-67.412
-67.413
-67.413
-67.414
-67.414
-67.414
-67.413
-67.413
-67.412
-67.411
-67.41
-67.409
-67.408
-67.406
-67.404
-67.402
-67.4
-67.397
-67.394
-67.391
-67.388
-67.385
-67.381
-67.381
-67.376
-67.374
-67.374
-67.373
-67.374
-67.374
-67.377
-67.38
-67.38
-67.388
-67.392
-67.397
-67.401
-67.406
-67.41
-67.413
-67.417
-67.42
-67.424
-67.427
-67.43
-67.432
-67.435
-67.437
-67.439
-67.441
-67.443
-67.445
-67.446
-67.448
-67.449
-67.45
-67.451
-67.452
-67.452
-67.453
-67.453
-67.453
-67.453
-67.453
-67.453
-67.453
-67.452
-67.451
-67.45
-67.449
-67.448
-67.447
-67.445
-67.444
-67.442
-67.44
-67.438
-67.436
-67.433
-67.431
-67.428
-67.425
-67.422
-67.419
-67.416
-67.412
-67.408
-67.404
-67.4
-67.396
-67.391
-67.387
-67.387
-67.379
-67.377
-67.377
-67.374
-67.374
-67.374
-67.375
-67.377
-67.377
-67.383
-67.387
-67.39
-67.394
-67.397
-67.401
-67.404
-67.406
-67.409
-67.412
-67.414
-67.416
-67.418
-67.42
-67.421
-67.423
-67.424
-67.425
-67.426
-67.427
-67.428
-67.429
-67.429
-67.429
-67.429
-67.429
-67.429
-67.429
-67.428
-67.428
-67.427
-67.426
-67.425
-67.424
-67.422
-67.421
-67.419
-67.417
-67.415
-67.413
-67.411
-67.408
-67.406
-67.403
-67.4
-67.397
-67.394
-67.39
-67.386
-67.383
-67.379
-67.374
-67.37
-67.365
-67.361
-67.356
-67.351
-67.345
-67.339
-67.334
-67.328
-67.321
-67.315
-67.308
-67.301
-67.294
-67.286
-67.278
-67.27
-67.262
-67.262
-67.247
-67.24
-67.24
-67.229
-67.225
-67.225
-67.218
-67.215
-67.215
-67.212
-67.211
-67.211
-67.211
-67.212
-67.212
-67.216
-67.219
-67.219
-67.227
-67.232
-67.232
-67.244
-67.251
-67.257
-67.264
-67.27
-67.275
-67.281
-67.286
-67.291
-67.296
-67.3
-67.304
-67.308
-67.312
-67.315
-67.319
-67.322
-67.325
-67.327
-67.33
-67.332
-67.334
-67.336
-67.337
-67.339
-67.34
-67.341
-67.342
-67.342
-67.343
-67.343
-67.343
-67.343
-67.343
-67.342
-67.341
-67.341
-67.34
-67.338
-67.337
-67.335
-67.333
-67.331
-67.329
-67.327
-67.324
-67.321
-67.319
-67.315
-67.312
-67.308
-67.305
-67.301
-67.296
-67.292
-67.287
-67.282
-67.277
-67.272
-67.266
-67.26
-67.254
-67.248
-67.241
-67.234
-67.227
-67.219
-67.212
-67.204
-67.195
-67.195
-67.18
-67.174
-67.174
-67.163
-67.158
-67.158
-67.151
-67.148
-67.148
-67.145
-67.144
-67.144
-67.144
-67.145
-67.145
-67.148
-67.151
-67.151
-67.158
-67.163
-67.163
-67.174
-67.181
-67.181
-67.196
-67.204
-67.213
-67.22
-67.228
-67.235
-67.243
-67.249
-67.256
-67.263
-67.269
-67.275
-67.28
-67.286
-67.291
-67.296
-67.301
-67.306
-67.311
-67.315
-67.32
-67.324
-67.328
-67.331
-67.335
-67.339
-67.342
-67.345
-67.348
-67.351
-67.354
-67.357
-67.359
-67.362
-67.364
-67.366
-67.368
-67.37
-67.372
-67.374
-67.376
-67.377
-67.379
-67.38
-67.382
-67.383
-67.384
-67.385
-67.386
-67.387
-67.388
-67.389
-67.389
-67.39
-67.39
-67.391
-67.391
-67.391
-67.392
-67.392
-67.392
-67.392
-67.392
-67.392
-67.391
-67.391
-67.391
-67.39
-67.39
-67.389
-67.389
-67.388
-67.387
-67.386
-67.385
-67.384
-67.383
-67.382
-67.381
-67.38
-67.378
-67.377
-67.375
-67.374
-67.372
-67.37
-67.369
-67.367
-67.365
-67.363
-67.36
-67.358
-67.356
-67.353
-67.351
-67.348
-67.346
-67.343
-67.34
-67.337
-67.334
-67.331
-67.327
-67.324
-67.32
-67.317
-67.313
-67.309
-67.305
-67.301
-67.296
-67.292
-67.287
-67.282
-67.277
-67.272
-67.272
-67.264
-67.262
-67.259
-67.255
-67.252
-67.252
-67.248
-67.246
-67.245
-67.244
-67.242
-67.242
-67.241
-67.241
-67.241
-67.242
-67.241
-67.241
-67.243
-67.246
-67.248
-67.249
-67.251
-67.252
-67.254
-67.255
-67.256
-67.256
-67.257
-67.257
-67.258
-67.258
-67.258
-67.257
-67.257
-67.256
-67.256
-67.255
-67.254
-67.252
-67.251
-67.25
-67.248
-67.246
-67.244
-67.242
-67.239
-67.237
-67.234
-67.231
-67.228
-67.225
-67.221
-67.217
-67.214
-67.209
-67.205
-67.201
-67.196
-67.191
-67.186
-67.181
-67.175
-67.169
-67.169
-67.16
-67.156
-67.152
-67.148
-67.143
-67.143
-67.136
-67.133
-67.131
-67.127
-67.124
-67.124
-67.119
-67.118
-67.116
-67.114
-67.112
-67.112
-67.109
-67.109
-67.108
-67.107
-67.106
-67.106
-67.105
-67.106
-67.106
-67.106
-67.106
-67.106
-67.107
-67.109
-67.11
-67.112
-67.112
-67.112
-67.116
-67.119
-67.121
-67.123
-67.125
-67.125
-67.131
-67.134
-67.138
-67.141
-67.144
-67.144
-67.152
-67.157
-67.162
-67.167
-67.171
-67.175
-67.179
-67.183
-67.186
-67.189
-67.192
-67.195
-67.197
-67.2
-67.202
-67.204
-67.206
-67.207
-67.208
-67.21
-67.21
-67.211
-67.212
-67.212
-67.212
-67.212
-67.212
-67.212
-67.211
-67.21
-67.209
-67.208
-67.206
-67.205
-67.203
-67.201
-67.199
-67.196
-67.194
-67.191
-67.188
-67.184
-67.181
-67.177
-67.173
-67.169
-67.169
-67.162
-67.16
-67.158
-67.155
-67.152
-67.152
-67.148
-67.147
-67.145
-67.144
-67.142
-67.142
-67.14
-67.14
-67.14
-67.14
-67.139
-67.139
-67.139
-67.14
-67.141
-67.142
-67.142
-67.142
-67.145
-67.147
-67.149
-67.151
-67.152
-67.152
-67.157
-67.16
-67.163
-67.166
-67.169
-67.169
-67.176
-67.18
-67.185
-67.189
-67.192
-67.192
-67.202
-67.208
-67.213
-67.219
-67.224
-67.229
-67.233
-67.238
-67.242
-67.246
-67.25
-67.254
-67.257
-67.261
-67.264
-67.267
-67.269
-67.272
-67.274
-67.277
-67.279
-67.281
-67.282
-67.284
-67.285
-67.286
-67.287
-67.288
-67.289
-67.29
-67.29
-67.29
-67.29
-67.29
-67.29
-67.289
-67.288
-67.288
-67.286
-67.285
-67.284
-67.282
-67.28
-67.278
-67.276
-67.274
-67.271
-67.268
-67.265
-67.262
-67.259
-67.255
-67.255
-67.25
-67.248
-67.246
-67.244
-67.242
-67.242
-67.239
-67.239
-67.238
-67.237
-67.236
-67.236
-67.235
-67.236
-67.236
-67.237
-67.236
-67.236
-67.238
-67.24
-67.242
-67.243
-67.244
-67.244
-67.248
-67.251
-67.253
-67.256
-67.258
-67.258
-67.264
-67.268
-67.272
-67.275
-67.278
-67.278
-67.287
-67.292
-67.297
-67.302
-67.306
-67.306
-67.317
-67.323
-67.329
-67.335
-67.341
-67.347
-67.352
-67.357
-67.362
-67.367
-67.371
-67.376
-67.38
-67.384
-67.388
-67.391
-67.395
-67.398
-67.401
-67.404
-67.406
-67.409
-67.411
-67.413
-67.415
-67.417
-67.419
-67.42
-67.421
-67.422
-67.423
-67.424
-67.424
-67.425
-67.425
-67.425
-67.425
-67.424
-67.424
-67.423
-67.422
-67.42
-67.419
-67.417
-67.415
-67.413
-67.413
-67.411
-67.411
-67.411
-67.41
-67.409
-67.409
-67.41
-67.411
-67.411
-67.412
-67.412
-67.412
-67.415
-67.417
-67.419
-67.421
-67.423
-67.423
-67.427
-67.431
-67.434
-67.437
-67.439
-67.439
-67.446
-67.451
-67.455
-67.459
-67.463
-67.463
-67.472
-67.478
-67.483
-67.489
-67.493
-67.493
-67.505
-67.512
-67.519
-67.525
-67.531
-67.531
-67.546
-67.554
-67.562
-67.57
-67.577
-67.577
-67.594
-67.604
-67.613
-67.623
-67.632
-67.641
-67.649
-67.658
-67.666
-67.675
-67.683
-67.691
-67.699
-67.707
-67.714
-67.722
-67.729
-67.737
-67.744
-67.751
-67.758
-67.765
-67.772
-67.779
-67.786
-67.792
-67.799
-67.805
-67.812
-67.818
-67.824
-67.83
-67.836
-67.842
-67.848
-67.854
-67.86
-67.866
-67.872
-67.878
-67.883
-67.889
-67.895
-67.9
-67.906
-67.911
-67.916
-67.922
-67.927
-67.933
-67.938
-67.943
-67.948
-67.954
-67.959
-67.964
-67.969
-67.974
-67.979
-67.984
-67.989
-67.994
-67.999
-68.004
-68.009
-68.014
-68.019
-68.024
-68.029
-68.034
-68.038
-68.043
-68.048
-68.053
-68.058
-68.063
-68.067
-68.072
-68.077
-68.082
-68.087
-68.091
-68.096
-68.101
-68.105
-68.11
-68.115
-68.12
-68.124
-68.129
-68.134
-68.139
-68.143
-68.148
-68.153
-68.157
-68.162
-68.167
-68.171
-68.176
-68.181
-68.186
-68.19
-68.195
-68.2
-68.204
-68.209
-68.214
-68.218
-68.223
-68.228
-68.233
-68.237
-68.242
-68.247
-68.251
-68.256
-68.261
-68.266
-68.27
-68.275
-68.28
-68.284
-68.289
-68.294
-68.299
-68.303
-68.308
-68.313
-68.318
-68.322
-68.327
-68.332
-68.337
-68.341
-68.346
-68.351
-68.356
-68.36
-68.365
-68.37
-68.375
-68.38
-68.384
-68.389
-68.394
-68.399
-68.403
-68.408
-68.413
-68.418
-68.422
-68.427
-68.432
-68.437
-68.441
-68.446
-68.451
-68.456
-68.46
-68.465
-68.47
-68.475
-68.479
-68.484
-68.489
-68.493
-68.498
-68.503
-68.507
-68.512
-68.517
-68.521
-68.526
-68.531
-68.535
-68.54
-68.544
-68.549
-68.554
-68.558
-68.563
-68.567
-68.572
-68.576
-68.581
-68.585
-68.589
-68.594
-68.598
-68.603
-68.607
-68.611
-68.615
-68.62
-68.624
-68.628
-68.632
-68.636
-68.64
-68.644
-68.648
-68.652
-68.656
-68.66
-68.664
-68.668
-68.671
-68.675
-68.679
-68.682
-68.686
-68.689
-68.693
-68.696
-68.699
-68.703
-68.706
-68.709
-68.712
-68.715
-68.718
-68.72
-68.723
-68.726
-68.728
-68.731
-68.733
-68.735
-68.737
-68.739
-68.741
-68.743
-68.743
-68.749
-68.753
-68.757
-68.76
-68.764
-68.767
-68.771
-68.774
-68.777
-68.78
-68.783
-68.783
-68.791
-68.796
-68.8
-68.805
-68.809
-68.814
-68.818
-68.822
-68.826
-68.829
-68.833
-68.833
-68.842
-68.848
-68.853
-68.858
-68.863
-68.868
-68.873
-68.877
-68.882
-68.886
-68.89
-68.89
-68.899
-68.905
-68.911
-68.917
-68.917
-68.93
-68.938
-68.945
-68.952
-68.959
-68.966
-68.973
-68.979
-68.986
-68.992
-68.997
-68.997
-69.011
-69.019
-69.027
-69.034
-69.041
-69.048
-69.055
-69.062
-69.068
-69.074
-69.08
-69.08
-69.095
-69.103
-69.11
-69.118
-69.126
-69.133
-69.14
-69.147
-69.153
-69.16
-69.166
-69.166
-69.18
-69.188
-69.197
-69.204
-69.212
-69.219
-69.226
-69.233
-69.24
-69.247
-69.253
-69.253
-69.268
-69.276
-69.284
-69.292
-69.3
-69.307
-69.315
-69.322
-69.329
-69.335
-69.342
-69.342
-69.356
-69.365
-69.373
-69.381
-69.389
-69.397
-69.404
-69.411
-69.418
-69.425
-69.431
-69.431
-69.446
-69.454
-69.463
-69.471
-69.478
-69.486
-69.493
-69.5
-69.507
-69.514
-69.52
-69.52
-69.535
-69.544
-69.552
-69.56
-69.56
-69.578
-69.588
-69.598
-69.607
-69.616
-69.625
-69.634
-69.643
-69.651
-69.659
-69.667
-69.667
-69.685
-69.695
-69.705
-69.714
-69.723
-69.732
-69.741
-69.75
-69.758
-69.766
-69.774
-69.774
-69.792
-69.802
-69.811
-69.821
-69.83
-69.839
-69.848
-69.857
-69.865
-69.873
-69.881
-69.881
-69.899
-69.909
-69.918
-69.928
-69.937
-69.946
-69.955
-69.963
-69.972
-69.98
-69.988
-69.988
-70.006
-70.016
-70.025
-70.035
-70.044
-70.053
-70.062
-70.071
-70.079
-70.087
-70.095
-70.095
-70.113
-70.123
-70.133
-70.142
-70.152
-70.161
-70.169
-70.178
-70.186
-70.194
-70.202
-70.202
-70.22
-70.23
-70.24
-70.25
-70.259
-70.268
-70.277
-70.285
-70.293
-70.302
-70.309
-70.309
-70.327
-70.337
-70.347
-70.356
-70.365
-70.374
-70.383
-70.391
-70.4
-70.408
-70.415
-70.415
-70.433
-70.443
-70.452
-70.461
-70.461
-70.482
-70.494
-70.505
-70.516
-70.526
-70.537
-70.547
-70.557
-70.566
-70.576
-70.585
-70.585
-70.605
-70.617
-70.628
-70.639
-70.649
-70.659
-70.669
-70.679
-70.689
-70.698
-70.707
-70.707
-70.727
-70.739
-70.749
-70.76
-70.771
-70.781
-70.791
-70.801
-70.81
-70.819
-70.828
-70.828
-70.848
-70.859
-70.87
-70.881
-70.891
-70.902
-70.911
-70.921
-70.931
-70.94
-70.949
-70.949
-70.969
-70.98
-70.991
-71.001
-71.011
-71.022
-71.031
-71.041
-71.05
-71.059
-71.068
-71.068
-71.088
-71.099
-71.11
-71.12
-71.131
-71.141
-71.15
-71.16
-71.169
-71.178
-71.186
-71.186
-71.206
-71.217
-71.228
-71.238
-71.248
-71.258
-71.267
-71.277
-71.286
-71.294
-71.303
-71.303
-71.322
-71.333
-71.343
-71.353
-71.353
-71.376
-71.388
-71.4
-71.412
-71.424
-71.435
-71.446
-71.457
-71.467
-71.477
-71.487
-71.487
-71.509
-71.521
-71.533
-71.545
-71.556
-71.567
-71.578
-71.589
-71.599
-71.609
-71.619
-71.619
-71.64
-71.653
-71.664
-71.676
-71.687
-71.698
-71.709
-71.719
-71.729
-71.739
-71.748
-71.748
-71.77
-71.782
-71.794
-71.805
-71.816
-71.827
-71.837
-71.848
-71.858
-71.867
-71.877
-71.877
-71.898
-71.91
-71.921
-71.932
-71.943
-71.954
-71.964
-71.975
-71.984
-71.994
-72.003
-72.003
-72.024
-72.036
-72.047
-72.058
-72.069
-72.079
-72.09
-72.1
-72.109
-72.119
-72.128
-72.128
-72.148
-72.159
-72.171
-72.182
-72.192
-72.202
-72.212
-72.222
-72.231
-72.24
-72.249
-72.249
-72.269
-72.28
-72.291
-72.301
-72.301
-72.325
-72.338
-72.35
-72.363
-72.375
-72.386
-72.398
-72.409
-72.42
-72.43
-72.44
-72.44
-72.463
-72.476
-72.488
-72.5
-72.512
-72.523
-72.534
-72.545
-72.555
-72.566
-72.576
-72.576
-72.598
-72.61
-72.622
-72.634
-72.646
-72.657
-72.668
-72.678
-72.689
-72.699
-72.708
-72.708
-72.73
-72.742
-72.754
-72.766
-72.777
-72.788
-72.799
-72.809
-72.819
-72.829
-72.839
-72.839
-72.86
-72.872
-72.884
-72.895
-72.906
-72.917
-72.928
-72.938
-72.948
-72.957
-72.967
-72.967
-72.988
-73
-73.011
-73.022
-73.033
-73.044
-73.054
-73.064
-73.074
-73.083
-73.092
-73.092
-73.113
-73.124
-73.136
-73.147
-73.157
-73.168
-73.178
-73.187
-73.197
-73.206
-73.214
-73.214
-73.234
-73.246
-73.257
-73.267
-73.278
-73.288
-73.297
-73.306
-73.315
-73.324
-73.332
-73.332
-73.351
-73.362
-73.373
-73.383
-73.383
-73.406
-73.418
-73.431
-73.443
-73.455
-73.466
-73.477
-73.488
-73.498
-73.508
-73.518
-73.518
-73.54
-73.552
-73.564
-73.576
-73.587
-73.598
-73.608
-73.619
-73.629
-73.638
-73.647
-73.647
-73.669
-73.681
-73.692
-73.703
-73.714
-73.725
-73.735
-73.745
-73.755
-73.764
-73.773
-73.773
-73.793
-73.805
-73.816
-73.827
-73.838
-73.848
-73.858
-73.868
-73.877
-73.886
-73.894
-73.894
-73.914
-73.926
-73.937
-73.947
-73.957
-73.967
-73.977
-73.986
-73.995
-74.004
-74.012
-74.012
-74.031
-74.042
-74.053
-74.063
-74.073
-74.082
-74.092
-74.1
-74.109
-74.117
-74.125
-74.125
-74.143
-74.154
-74.164
-74.174
-74.183
-74.192
-74.201
-74.209
-74.217
-74.225
-74.232
-74.232
-74.249
-74.259
-74.268
-74.278
-74.278
-74.299
-74.311
-74.322
-74.333
-74.344
-74.355
-74.365
-74.374
-74.384
-74.392
-74.401
-74.401
-74.421
-74.432
-74.443
-74.454
-74.464
-74.474
-74.483
-74.493
-74.501
-74.51
-74.518
-74.518
-74.536
-74.547
-74.558
-74.568
-74.578
-74.587
-74.596
-74.605
-74.613
-74.621
-74.629
-74.629
-74.647
-74.657
-74.668
-74.677
-74.687
-74.696
-74.705
-74.713
-74.721
-74.728
-74.735
-74.735
-74.753
-74.763
-74.773
-74.782
-74.791
-74.8
-74.808
-74.816
-74.823
-74.83
-74.837
-74.837
-74.854
-74.863
-74.873
-74.882
-74.89
-74.898
-74.906
-74.914
-74.921
-74.927
-74.933
-74.933
-74.949
-74.958
-74.967
-74.975
-74.983
-74.991
-74.998
-75.005
-75.011
-75.017
-75.023
-75.023
-75.037
-75.045
-75.053
-75.061
-75.061
-75.079
-75.09
-75.1
-75.109
-75.119
-75.128
-75.136
-75.144
-75.152
-75.159
-75.166
-75.166
-75.182
-75.192
-75.202
-75.211
-75.22
-75.228
-75.236
-75.243
-75.25
-75.257
-75.263
-75.263
-75.278
-75.288
-75.297
-75.305
-75.313
-75.321
-75.329
-75.336
-75.342
-75.348
-75.354
-75.354
-75.369
-75.378
-75.386
-75.394
-75.402
-75.409
-75.416
-75.423
-75.429
-75.434
-75.44
-75.44
-75.454
-75.462
-75.47
-75.478
-75.485
-75.492
-75.498
-75.505
-75.51
-75.515
-75.52
-75.52
-75.533
-75.541
-75.549
-75.556
-75.563
-75.569
-75.575
-75.58
-75.585
-75.59
-75.594
-75.594
-75.606
-75.613
-75.62
-75.626
-75.632
-75.638
-75.643
-75.648
-75.652
-75.655
-75.658
-75.658
-75.668
-75.674
-75.68
-75.685
-75.685
-75.698
-75.707
-75.714
-75.722
-75.728
-75.734
-75.734
-75.75
-75.759
-75.768
-75.777
-75.777
-75.797
-75.809
-75.82
-75.831
-75.842
-75.852
-75.862
-75.871
-75.881
-75.89
-75.899
-75.907
-75.915
-75.924
-75.931
-75.939
-75.947
-75.954
-75.961
-75.968
-75.975
-75.982
-75.988
-75.995
-76.001
-76.008
-76.014
-76.02
-76.026
-76.032
-76.037
-76.043
-76.049
-76.054
-76.06
-76.065
-76.071
-76.076
-76.081
-76.086
-76.092
-76.097
-76.102
-76.107
-76.112
-76.116
-76.121
-76.126
-76.131
-76.136
-76.14
-76.145
-76.15
-76.154
-76.159
-76.163
-76.168
-76.172
-76.177
-76.181
-76.186
-76.19
-76.195
-76.199
-76.203
-76.208
-76.212
-76.216
-76.22
-76.224
-76.229
-76.233
-76.237
-76.241
-76.245
-76.249
-76.253
-76.257
-76.261
-76.265
-76.269
-76.273
-76.277
-76.281
-76.285
-76.289
-76.293
-76.297
-76.3
-76.304
-76.308
-76.312
-76.316
-76.319
-76.323
-76.327
-76.33
-76.334
-76.338
-76.341
-76.345
-76.349
-76.352
-76.356
-76.359
-76.363
-76.366
-76.37
-76.373
-76.377
-76.38
-76.384
-76.387
-76.391
-76.394
-76.397
-76.401
-76.404
-76.407
-76.411
-76.414
-76.417
-76.421
-76.424
-76.427
-76.43
-76.434
-76.437
-76.44
-76.443
-76.446
-76.449
-76.452
-76.455
-76.459
-76.462
-76.465
-76.468
-76.471
-76.474
-76.477
-76.48
-76.483
-76.485
-76.488
-76.491
-76.494
-76.497
-76.5
-76.503
-76.505
-76.508
-76.511
-76.514
-76.516
-76.519
-76.522
-76.524
-76.527
-76.53
-76.532
-76.535
-76.537
-76.54
-76.542
-76.545
-76.547
-76.55
-76.552
-76.554
-76.557
-76.559
-76.561
-76.563
-76.565
-76.567
-76.57
-76.572
-76.573
-76.575
-76.577
-76.579
-76.581
-76.582
-76.584
-76.585
-76.587
-76.588
-76.589
-76.59
-76.591
-76.592
-76.593
-76.593
-76.593
-76.594
-76.594
-76.593
-76.593
-76.592
-76.591
-76.59
-76.588
-76.587
-76.584
-76.582
-76.578
-76.575
-76.571
-76.566
-76.56
-76.554
-76.548
-76.54
-76.531
-76.522
-76.511
-76.499
-76.486
-76.471
-76.455
-76.437
-76.418
-76.396
-76.372
-76.345
-76.316
-76.283
-76.248
-76.208
-76.165
-76.117
-76.064
-76.006
-75.943
-75.873
-75.795
-75.711
-75.617
-75.515
-75.402
-75.278
-75.143
-74.994
-74.831
-74.652
-74.456
-74.243
-74.009
-73.755
-73.477
-73.176
-72.849
-72.495
-72.113
-71.701
-71.258
-70.782
-70.275
-69.733
-69.159
-68.55
-67.909
-67.235
-66.529
-65.794
-65.031
-64.241
-63.427
-62.593
-61.74
-60.871
-59.989
-59.098
-58.199
-57.297
-56.393
-55.49
-54.591
-53.697
-52.81
-51.933
-51.065
-50.209
-49.365
-48.535
-47.718
-46.914
-46.125
-45.35
-44.589
-43.842
-43.108
-42.388
-41.68
-40.984
-40.3
-39.628
-38.966
-38.314
-37.671
-37.038
-36.412
-35.795
-35.185
-34.582
-33.985
-33.393
-32.807
-32.226
-31.65
-31.078
-30.509
-29.944
-29.381
-28.822
-28.264
-27.709
-27.156
-26.604
-26.054
-25.505
-24.956
-24.409
-23.862
-23.315
-22.769
-22.222
-21.676
-21.129
-20.582
-20.034
-19.486
-18.938
-18.388
-17.838
-17.287
-16.734
-16.181
-15.627
-15.071
-14.514
-13.956
-13.396
-12.835
-12.272
-11.708
-11.142
-10.575
-10.006
-9.4354
-8.8631
-8.2892
-7.7135
-7.136
-6.5567
-5.9757
-5.3929
-4.8083
-4.2218
-3.6336
-3.0435
-2.4516
-1.8579
-1.2624
-0.66507
-0.065973
0.53489
1.1375
1.7419
2.3479
2.9556
3.565
4.176
4.7885
5.4026
6.0181
6.635
7.2534
7.873
8.4939
9.1159
9.739
10.363
10.988
11.614
12.241
12.868
13.496
14.124
14.753
15.382
16.011
16.64
17.268
17.897
18.524
19.151
19.778
20.403
21.027
21.65
22.271
22.89
23.508
24.123
24.736
25.346
25.953
26.558
27.159
27.756
28.35
28.939
29.524
30.104
30.68
31.25
31.815
32.373
32.926
33.472
34.01
34.541
35.064
35.579
36.084
36.579
37.062
37.533
37.99
38.431
38.854
39.255
39.63
39.974
40.281
40.541
40.743
40.872
40.908
40.827
40.596
40.172
39.501
38.513
37.118
35.205
32.634
29.234
24.806
19.126
11.961
3.1105
-7.5416
-19.946
-33.838
-41.303
-41.346
-41.375
-41.404
-41.432
-41.461
-41.49
-41.518
-41.547
-41.576
-41.604
-41.633
-41.661
-41.69
-41.718
-41.746
-41.774
-41.803
-41.831
-41.859
-41.887
-41.915
-41.943
-41.971
-41.999
-42.027
-42.055
-42.083
-42.111
-42.139
-42.166
-42.194
-42.222
-42.249
-42.277
-42.304
-42.332
-42.359
-42.387
-42.414
-42.441
-42.469
-42.496
-42.523
-42.55
-42.577
-42.605
-42.632
-42.659
-42.686
-42.713
-42.713
-42.766
-42.793
-42.82
-42.847
-42.874
-42.9
-42.927
-42.954
-42.98
-42.98
-43.034
-43.06
-43.087
-43.113
-43.14
-43.166
-43.192
-43.219
-43.245
-43.271
-43.297
-43.323
-43.35
-43.376
-43.402
-43.428
-43.454
-43.454
-43.506
-43.532
-43.557
-43.583
-43.609
-43.635
-43.661
-43.686
-43.712
-43.738
-43.763
-43.789
-43.814
-43.84
-43.865
-43.891
-43.916
-43.941
-43.967
-43.967
-44.017
-44.042
-44.042
-44.093
-44.118
-44.143
-44.168
-44.193
-44.218
-44.243
-44.268
-44.293
-44.318
-44.343
-44.368
-44.393
-44.417
-44.442
-44.467
-44.492
-44.516
-44.541
-44.541
-44.59
-44.614
-44.614
-44.663
-44.688
-44.712
-44.737
-44.761
-44.785
-44.81
-44.834
-44.858
-44.882
-44.906
-44.93
-44.955
-44.979
-45.003
-45.027
-45.051
-45.075
-45.098
-45.122
-45.146
-45.17
-45.194
-45.217
-45.241
-45.265
-45.288
-45.312
-45.336
-45.359
-45.383
-45.406
-45.406
-45.453
-45.476
-45.476
-45.523
-45.546
-45.57
-45.593
-45.616
-45.64
-45.663
-45.686
-45.709
-45.732
-45.755
-45.778
-45.801
-45.824
-45.847
-45.87
-45.893
-45.916
-45.939
-45.961
-45.984
-46.007
-46.03
-46.052
-46.075
-46.097
-46.12
-46.143
-46.165
-46.188
-46.21
-46.232
-46.255
-46.277
-46.3
-46.322
-46.322
-46.366
-46.389
-46.389
-46.433
-46.455
-46.455
-46.5
-46.522
-46.522
-46.566
-46.588
-46.61
-46.632
-46.654
-46.676
-46.698
-46.72
-46.742
-46.763
-46.785
-46.807
-46.829
-46.85
-46.872
-46.894
-46.915
-46.937
-46.958
-46.98
-47.002
-47.023
-47.044
-47.066
-47.087
-47.109
-47.13
-47.151
-47.173
-47.194
-47.215
-47.236
-47.257
-47.279
-47.3
-47.321
-47.321
-47.363
-47.384
-47.384
-47.426
-47.447
-47.447
-47.489
-47.51
-47.51
-47.552
-47.572
-47.593
-47.614
-47.635
-47.656
-47.676
-47.697
-47.718
-47.738
-47.759
-47.78
-47.8
-47.821
-47.841
-47.862
-47.882
-47.903
-47.923
-47.943
-47.964
-47.984
-48.004
-48.025
-48.045
-48.065
-48.085
-48.105
-48.125
-48.146
-48.166
-48.186
-48.206
-48.226
-48.246
-48.266
-48.286
-48.306
-48.325
-48.345
-48.365
-48.385
-48.405
-48.424
-48.444
-48.464
-48.483
-48.503
-48.523
-48.542
-48.562
-48.581
-48.601
-48.62
-48.64
-48.659
-48.679
-48.698
-48.717
-48.717
-48.756
-48.775
-48.775
-48.814
-48.833
-48.833
-48.872
-48.891
-48.891
-48.929
-48.948
-48.968
-48.987
-49.006
-49.025
-49.044
-49.063
-49.082
-49.101
-49.12
-49.139
-49.158
-49.176
-49.195
-49.214
-49.233
-49.252
-49.27
-49.289
-49.308
-49.326
-49.345
-49.364
-49.382
-49.401
-49.419
-49.438
-49.456
-49.475
-49.493
-49.512
-49.53
-49.549
-49.567
-49.585
-49.604
-49.622
-49.64
-49.658
-49.677
-49.695
-49.713
-49.731
-49.749
-49.767
-49.785
-49.803
-49.821
-49.839
-49.857
-49.875
-49.893
-49.911
-49.929
-49.947
-49.965
-49.983
-50
-50.018
-50.036
-50.054
-50.071
-50.089
-50.107
-50.124
-50.142
-50.159
-50.177
-50.195
-50.195
-50.23
-50.247
-50.247
-50.282
-50.299
-50.299
-50.334
-50.352
-50.352
-50.387
-50.404
-50.404
-50.439
-50.456
-50.456
-50.49
-50.508
-50.508
-50.542
-50.559
-50.559
-50.594
-50.611
-50.628
-50.645
-50.662
-50.68
-50.697
-50.714
-50.731
-50.748
-50.765
-50.782
-50.799
-50.816
-50.832
-50.849
-50.866
-50.883
-50.9
-50.917
-50.933
-50.95
-50.967
-50.984
-51
-51.017
-51.034
-51.05
-51.067
-51.083
-51.1
-51.116
-51.133
-51.149
-51.166
-51.182
-51.199
-51.215
-51.232
-51.248
-51.264
-51.281
-51.297
-51.313
-51.329
-51.346
-51.362
-51.378
-51.394
-51.41
-51.427
-51.443
-51.459
-51.475
-51.491
-51.507
-51.523
-51.539
-51.555
-51.571
-51.587
-51.603
-51.619
-51.634
-51.65
-51.666
-51.682
-51.698
-51.713
-51.729
-51.729
-51.761
-51.776
-51.776
-51.808
-51.823
-51.823
-51.855
-51.87
-51.87
-51.902
-51.917
-51.917
-51.948
-51.964
-51.964
-51.995
-52.01
-52.01
-52.041
-52.057
-52.057
-52.088
-52.103
-52.103
-52.134
-52.149
-52.165
-52.18
-52.195
-52.211
-52.226
-52.241
-52.257
-52.272
-52.287
-52.302
-52.317
-52.332
-52.348
-52.363
-52.378
-52.393
-52.408
-52.423
-52.438
-52.453
-52.468
-52.483
-52.498
-52.513
-52.528
-52.543
-52.558
-52.572
-52.587
-52.602
-52.617
-52.632
-52.646
-52.661
-52.676
-52.691
-52.705
-52.72
-52.735
-52.749
-52.764
-52.778
-52.793
-52.807
-52.822
-52.837
-52.851
-52.865
-52.88
-52.894
-52.909
-52.923
-52.938
-52.952
-52.966
-52.981
-52.995
-53.009
-53.024
-53.038
-53.052
-53.066
-53.08
-53.095
-53.109
-53.123
-53.137
-53.151
-53.165
-53.179
-53.193
-53.207
-53.222
-53.236
-53.249
-53.263
-53.277
-53.291
-53.305
-53.319
-53.333
-53.347
-53.361
-53.375
-53.388
-53.402
-53.416
-53.43
-53.443
-53.457
-53.471
-53.485
-53.498
-53.512
-53.526
-53.539
-53.553
-53.566
-53.58
-53.593
-53.607
-53.62
-53.634
-53.647
-53.661
-53.674
-53.688
-53.701
-53.715
-53.728
-53.741
-53.755
-53.768
-53.781
-53.781
-53.808
-53.821
-53.834
-53.848
-53.861
-53.861
-53.887
-53.9
-53.914
-53.927
-53.94
-53.94
-53.966
-53.979
-53.992
-54.005
-54.018
-54.018
-54.045
-54.058
-54.071
-54.084
-54.097
-54.109
-54.122
-54.135
-54.148
-54.161
-54.174
-54.187
-54.2
-54.212
-54.225
-54.238
-54.251
-54.264
-54.276
-54.289
-54.302
-54.314
-54.327
-54.34
-54.352
-54.365
-54.378
-54.39
-54.403
-54.415
-54.428
-54.44
-54.453
-54.465
-54.478
-54.49
-54.503
-54.515
-54.528
-54.54
-54.552
-54.565
-54.577
-54.59
-54.602
-54.614
-54.614
-54.639
-54.651
-54.663
-54.675
-54.688
-54.688
-54.712
-54.724
-54.736
-54.749
-54.761
-54.761
-54.785
-54.797
-54.809
-54.821
-54.833
-54.833
-54.858
-54.87
-54.882
-54.894
-54.906
-54.906
-54.93
-54.941
-54.953
-54.965
-54.977
-54.977
-55.001
-55.013
-55.025
-55.037
-55.048
-55.048
-55.072
-55.084
-55.096
-55.107
-55.119
-55.119
-55.143
-55.154
-55.166
-55.178
-55.19
-55.19
-55.213
-55.225
-55.236
-55.248
-55.259
-55.271
-55.283
-55.294
-55.306
-55.317
-55.329
-55.34
-55.352
-55.363
-55.375
-55.386
-55.398
-55.409
-55.42
-55.432
-55.443
-55.454
-55.466
-55.477
-55.488
-55.5
-55.511
-55.522
-55.534
-55.545
-55.556
-55.567
-55.578
-55.59
-55.601
-55.612
-55.623
-55.634
-55.645
-55.656
-55.667
-55.678
-55.69
-55.701
-55.712
-55.723
-55.723
-55.745
-55.756
-55.767
-55.777
-55.788
-55.788
-55.81
-55.821
-55.832
-55.843
-55.854
-55.854
-55.875
-55.886
-55.897
-55.908
-55.919
-55.919
-55.94
-55.951
-55.962
-55.973
-55.983
-55.983
-56.005
-56.015
-56.026
-56.037
-56.047
-56.047
-56.069
-56.079
-56.09
-56.1
-56.111
-56.111
-56.132
-56.143
-56.153
-56.164
-56.174
-56.174
-56.195
-56.206
-56.216
-56.227
-56.237
-56.248
-56.258
-56.268
-56.279
-56.289
-56.3
-56.31
-56.32
-56.331
-56.341
-56.351
-56.361
-56.372
-56.382
-56.392
-56.402
-56.413
-56.423
-56.433
-56.443
-56.453
-56.464
-56.474
-56.484
-56.494
-56.504
-56.514
-56.524
-56.534
-56.544
-56.554
-56.564
-56.574
-56.584
-56.594
-56.604
-56.614
-56.624
-56.634
-56.644
-56.654
-56.664
-56.674
-56.683
-56.693
-56.703
-56.713
-56.713
-56.732
-56.742
-56.752
-56.762
-56.772
-56.772
-56.791
-56.801
-56.81
-56.82
-56.83
-56.83
-56.849
-56.859
-56.868
-56.878
-56.888
-56.888
-56.907
-56.917
-56.926
-56.936
-56.945
-56.945
-56.964
-56.974
-56.983
-56.993
-57.002
-57.002
-57.021
-57.031
-57.04
-57.05
-57.059
-57.059
-57.078
-57.087
-57.097
-57.106
-57.116
-57.116
-57.134
-57.144
-57.153
-57.162
-57.172
-57.181
-57.19
-57.199
-57.209
-57.218
-57.227
-57.236
-57.246
-57.255
-57.264
-57.273
-57.282
-57.291
-57.3
-57.31
-57.319
-57.328
-57.337
-57.346
-57.355
-57.364
-57.373
-57.382
-57.391
-57.4
-57.409
-57.418
-57.427
-57.436
-57.445
-57.454
-57.463
-57.472
-57.48
-57.489
-57.498
-57.507
-57.516
-57.525
-57.534
-57.542
-57.542
-57.56
-57.569
-57.577
-57.586
-57.595
-57.595
-57.612
-57.621
-57.63
-57.639
-57.647
-57.647
-57.665
-57.673
-57.682
-57.69
-57.699
-57.699
-57.716
-57.725
-57.734
-57.742
-57.751
-57.751
-57.768
-57.776
-57.785
-57.793
-57.802
-57.802
-57.819
-57.827
-57.836
-57.844
-57.853
-57.853
-57.87
-57.878
-57.886
-57.895
-57.903
-57.903
-57.92
-57.928
-57.937
-57.945
-57.953
-57.953
-57.97
-57.978
-57.987
-57.995
-58.003
-58.011
-58.02
-58.028
-58.036
-58.044
-58.052
-58.061
-58.069
-58.077
-58.085
-58.093
-58.101
-58.11
-58.118
-58.126
-58.134
-58.142
-58.15
-58.158
-58.166
-58.174
-58.182
-58.19
-58.198
-58.206
-58.214
-58.222
-58.23
-58.238
-58.246
-58.254
-58.262
-58.27
-58.278
-58.285
-58.293
-58.301
-58.309
-58.317
-58.325
-58.332
-58.34
-58.348
-58.356
-58.364
-58.371
-58.379
-58.387
-58.395
-58.402
-58.41
-58.418
-58.425
-58.433
-58.441
-58.448
-58.456
-58.464
-58.471
-58.479
-58.486
-58.494
-58.502
-58.509
-58.517
-58.524
-58.532
-58.539
-58.547
-58.554
-58.562
-58.569
-58.577
-58.584
-58.591
-58.599
-58.606
-58.614
-58.621
-58.628
-58.636
-58.643
-58.651
-58.658
-58.665
-58.673
-58.68
-58.687
-58.694
-58.702
-58.709
-58.716
-58.724
-58.731
-58.738
-58.745
-58.752
-58.76
-58.767
-58.774
-58.781
-58.788
-58.795
-58.803
-58.81
-58.817
-58.824
-58.831
-58.838
-58.845
-58.852
-58.859
-58.866
-58.873
-58.88
-58.887
-58.894
-58.901
-58.908
-58.915
-58.922
-58.929
-58.936
-58.943
-58.95
-58.957
-58.964
-58.97
-58.977
-58.984
-58.991
-58.998
-59.005
-59.012
-59.018
-59.025
-59.032
-59.039
-59.045
-59.052
-59.059
-59.066
-59.072
-59.079
-59.086
-59.093
-59.099
-59.106
-59.113
-59.119
-59.126
-59.132
-59.139
-59.146
-59.152
-59.159
-59.165
-59.172
-59.179
-59.185
-59.192
-59.198
-59.205
-59.211
-59.218
-59.224
-59.231
-59.237
-59.244
-59.25
-59.257
-59.263
-59.269
-59.276
-59.282
-59.289
-59.295
-59.301
-59.308
-59.314
-59.32
-59.327
-59.333
-59.339
-59.346
-59.352
-59.358
-59.365
-59.371
-59.377
-59.383
-59.39
-59.396
-59.402
-59.408
-59.414
-59.421
-59.427
-59.433
-59.439
-59.445
-59.451
-59.457
-59.464
-59.47
-59.476
-59.482
-59.488
-59.494
-59.5
-59.506
-59.512
-59.518
-59.524
-59.53
-59.536
-59.542
-59.548
-59.554
-59.56
-59.566
-59.572
-59.578
-59.584
-59.59
-59.596
-59.602
-59.607
-59.607
-59.619
-59.625
-59.631
-59.637
-59.643
-59.648
-59.654
-59.66
-59.666
-59.672
-59.677
-59.677
-59.689
-59.695
-59.701
-59.706
-59.712
-59.718
-59.723
-59.729
-59.735
-59.74
-59.746
-59.746
-59.758
-59.763
-59.769
-59.774
-59.78
-59.786
-59.791
-59.797
-59.802
-59.808
-59.814
-59.814
-59.825
-59.83
-59.836
-59.841
-59.841
-59.852
-59.858
-59.863
-59.869
-59.874
-59.88
-59.885
-59.891
-59.896
-59.902
-59.907
-59.907
-59.918
-59.923
-59.929
-59.934
-59.94
-59.945
-59.95
-59.956
-59.961
-59.966
-59.972
-59.972
-59.982
-59.988
-59.993
-59.998
-60.004
-60.009
-60.014
-60.019
-60.025
-60.03
-60.035
-60.035
-60.046
-60.051
-60.056
-60.061
-60.066
-60.072
-60.077
-60.082
-60.087
-60.092
-60.097
-60.097
-60.108
-60.113
-60.118
-60.123
-60.128
-60.133
-60.138
-60.143
-60.148
-60.153
-60.158
-60.158
-60.168
-60.173
-60.178
-60.183
-60.188
-60.193
-60.198
-60.203
-60.208
-60.213
-60.218
-60.218
-60.228
-60.233
-60.238
-60.243
-60.248
-60.252
-60.257
-60.262
-60.267
-60.272
-60.277
-60.277
-60.286
-60.291
-60.296
-60.301
-60.301
-60.31
-60.315
-60.32
-60.325
-60.33
-60.334
-60.339
-60.344
-60.348
-60.353
-60.358
-60.358
-60.367
-60.372
-60.377
-60.381
-60.386
-60.391
-60.395
-60.4
-60.405
-60.409
-60.414
-60.414
-60.423
-60.428
-60.432
-60.437
-60.441
-60.446
-60.45
-60.455
-60.46
-60.464
-60.469
-60.469
-60.478
-60.482
-60.487
-60.491
-60.496
-60.5
-60.504
-60.509
-60.513
-60.518
-60.522
-60.522
-60.531
-60.535
-60.54
-60.544
-60.549
-60.553
-60.557
-60.562
-60.566
-60.57
-60.575
-60.575
-60.583
-60.588
-60.592
-60.596
-60.601
-60.605
-60.609
-60.613
-60.618
-60.622
-60.626
-60.626
-60.635
-60.639
-60.643
-60.647
-60.651
-60.656
-60.66
-60.664
-60.668
-60.672
-60.676
-60.676
-60.685
-60.689
-60.693
-60.697
-60.701
-60.705
-60.709
-60.713
-60.718
-60.722
-60.726
-60.726
-60.734
-60.738
-60.742
-60.746
-60.746
-60.754
-60.758
-60.762
-60.766
-60.77
-60.774
-60.778
-60.782
-60.786
-60.79
-60.794
-60.794
-60.801
-60.805
-60.809
-60.813
-60.817
-60.821
-60.825
-60.829
-60.832
-60.836
-60.84
-60.84
-60.848
-60.852
-60.855
-60.859
-60.863
-60.867
-60.871
-60.874
-60.878
-60.882
-60.886
-60.886
-60.893
-60.897
-60.901
-60.904
-60.908
-60.912
-60.916
-60.919
-60.923
-60.927
-60.93
-60.93
-60.938
-60.941
-60.945
-60.948
-60.952
-60.956
-60.959
-60.963
-60.967
-60.97
-60.974
-60.974
-60.981
-60.984
-60.988
-60.991
-60.995
-60.999
-61.002
-61.006
-61.009
-61.013
-61.016
-61.016
-61.023
-61.026
-61.03
-61.033
-61.037
-61.04
-61.044
-61.047
-61.051
-61.054
-61.057
-61.057
-61.064
-61.068
-61.071
-61.074
-61.074
-61.081
-61.084
-61.088
-61.091
-61.094
-61.098
-61.101
-61.104
-61.108
-61.111
-61.114
-61.114
-61.121
-61.124
-61.127
-61.131
-61.134
-61.137
-61.14
-61.143
-61.147
-61.15
-61.153
-61.153
-61.159
-61.163
-61.166
-61.169
-61.172
-61.175
-61.178
-61.182
-61.185
-61.188
-61.191
-61.191
-61.197
-61.2
-61.203
-61.206
-61.21
-61.213
-61.216
-61.219
-61.222
-61.225
-61.228
-61.228
-61.234
-61.237
-61.24
-61.243
-61.246
-61.249
-61.252
-61.255
-61.258
-61.261
-61.264
-61.264
-61.27
-61.272
-61.275
-61.278
-61.281
-61.284
-61.287
-61.29
-61.293
-61.296
-61.298
-61.298
-61.304
-61.307
-61.31
-61.313
-61.316
-61.318
-61.321
-61.324
-61.327
-61.33
-61.332
-61.332
-61.338
-61.341
-61.343
-61.346
-61.346
-61.352
-61.354
-61.357
-61.36
-61.363
-61.365
-61.368
-61.371
-61.373
-61.376
-61.379
-61.379
-61.384
-61.387
-61.389
-61.392
-61.394
-61.397
-61.4
-61.402
-61.405
-61.408
-61.41
-61.41
-61.415
-61.418
-61.42
-61.423
-61.426
-61.428
-61.431
-61.433
-61.436
-61.438
-61.441
-61.441
-61.446
-61.448
-61.451
-61.453
-61.456
-61.458
-61.46
-61.463
-61.465
-61.468
-61.47
-61.47
-61.475
-61.477
-61.48
-61.482
-61.485
-61.487
-61.489
-61.492
-61.494
-61.496
-61.499
-61.499
-61.503
-61.506
-61.508
-61.51
-61.513
-61.515
-61.517
-61.52
-61.522
-61.524
-61.526
-61.526
-61.531
-61.533
-61.535
-61.538
-61.54
-61.542
-61.544
-61.546
-61.549
-61.551
-61.553
-61.553
-61.557
-61.559
-61.562
-61.564
-61.566
-61.568
-61.57
-61.572
-61.574
-61.577
-61.579
-61.579
-61.583
-61.585
-61.587
-61.589
-61.589
-61.593
-61.595
-61.597
-61.599
-61.601
-61.603
-61.605
-61.607
-61.609
-61.612
-61.613
-61.613
-61.617
-61.619
-61.621
-61.623
-61.625
-61.627
-61.629
-61.631
-61.633
-61.635
-61.637
-61.637
-61.641
-61.643
-61.645
-61.646
-61.648
-61.65
-61.652
-61.654
-61.656
-61.658
-61.659
-61.659
-61.663
-61.665
-61.667
-61.669
-61.67
-61.672
-61.674
-61.676
-61.678
-61.679
-61.681
-61.681
-61.685
-61.686
-61.688
-61.69
-61.691
-61.693
-61.695
-61.697
-61.698
-61.7
-61.702
-61.702
-61.705
-61.707
-61.708
-61.71
-61.712
-61.713
-61.715
-61.717
-61.718
-61.72
-61.721
-61.721
-61.725
-61.726
-61.728
-61.729
-61.731
-61.732
-61.734
-61.736
-61.737
-61.739
-61.74
-61.74
-61.743
-61.745
-61.746
-61.748
-61.748
-61.751
-61.752
-61.754
-61.755
-61.757
-61.758
-61.76
-61.761
-61.762
-61.764
-61.765
-61.765
-61.768
-61.77
-61.771
-61.772
-61.774
-61.775
-61.777
-61.778
-61.779
-61.781
-61.782
-61.782
-61.785
-61.786
-61.787
-61.789
-61.79
-61.791
-61.793
-61.794
-61.795
-61.796
-61.798
-61.798
-61.8
-61.801
-61.803
-61.804
-61.805
-61.806
-61.808
-61.809
-61.81
-61.811
-61.812
-61.812
-61.815
-61.816
-61.817
-61.818
-61.82
-61.821
-61.822
-61.823
-61.824
-61.825
-61.826
-61.826
-61.829
-61.83
-61.831
-61.832
-61.833
-61.834
-61.835
-61.836
-61.837
-61.838
-61.839
-61.839
-61.842
-61.843
-61.844
-61.845
-61.846
-61.847
-61.848
-61.849
-61.85
-61.851
-61.852
-61.852
-61.854
-61.854
-61.855
-61.856
-61.856
-61.858
-61.859
-61.86
-61.861
-61.862
-61.863
-61.864
-61.865
-61.866
-61.866
-61.867
-61.867
-61.869
-61.87
-61.871
-61.872
-61.872
-61.873
-61.874
-61.875
-61.876
-61.877
-61.877
-61.877
-61.879
-61.88
-61.88
-61.881
-61.882
-61.883
-61.884
-61.884
-61.885
-61.886
-61.886
-61.886
-61.888
-61.889
-61.889
-61.89
-61.891
-61.891
-61.892
-61.893
-61.893
-61.894
-61.895
-61.895
-61.896
-61.897
-61.897
-61.898
-61.899
-61.899
-61.9
-61.9
-61.901
-61.902
-61.902
-61.902
-61.903
-61.904
-61.904
-61.905
-61.905
-61.906
-61.907
-61.907
-61.908
-61.908
-61.909
-61.909
-61.91
-61.91
-61.911
-61.911
-61.912
-61.912
-61.912
-61.913
-61.913
-61.914
-61.914
-61.914
-61.915
-61.916
-61.916
-61.916
-61.916
-61.917
-61.918
-61.918
-61.918
-61.919
-61.919
-61.919
-61.92
-61.92
-61.921
-61.921
-61.921
-61.922
-61.922
-61.922
-61.922
-61.923
-61.923
-61.923
-61.924
-61.924
-61.924
-61.925
-61.925
-61.925
-61.925
-61.926
-61.926
-61.926
-61.926
-61.926
-61.927
-61.927
-61.927
-61.927
-61.927
-61.928
-61.928
-61.928
-61.928
-61.928
-61.928
-61.929
-61.929
-61.929
-61.929
-61.929
-61.929
-61.929
-61.929
-61.929
-61.93
-61.93
-61.93
-61.93
-61.93
-61.93
-61.93
-61.93
-61.93
-61.93
-61.93
-61.93
-61.93
-61.93
-61.93
-61.93
-61.93
-61.93
-61.93
-61.93
-61.93
-61.93
-61.93
-61.93
-61.93
-61.929
-61.929
-61.929
-61.929
-61.929
-61.929
-61.929
-61.929
-61.929
-61.928
-61.928
-61.928
-61.928
-61.928
-61.928
-61.927
-61.927
-61.927
-61.927
-61.927
-61.926
-61.926
-61.926
-61.926
-61.926
-61.925
-61.925
-61.925
-61.925
-61.924
-61.924
-61.924
-61.923
-61.923
-61.923
-61.923
-61.922
-61.922
-61.922
-61.921
-61.921
-61.921
-61.92
-61.92
-61.92
-61.919
-61.919
-61.918
-61.918
-61.918
-61.917
-61.917
-61.916
-61.916
-61.916
-61.915
-61.915
-61.914
-61.914
-61.913
-61.913
-61.912
-61.912
-61.911
-61.911
-61.91
-61.91
-61.909
-61.909
-61.908
-61.908
-61.907
-61.907
-61.906
-61.906
-61.905
-61.904
-61.904
-61.903
-61.903
-61.902
-61.902
-61.901
-61.9
-61.9
-61.899
-61.898
-61.898
-61.897
-61.897
-61.896
-61.895
-61.895
-61.894
-61.893
-61.892
-61.892
-61.891
-61.89
-61.89
-61.889
-61.888
-61.887
-61.887
-61.886
-61.885
-61.884
-61.884
-61.883
-61.882
-61.881
-61.881
-61.88
-61.879
-61.878
-61.877
-61.877
-61.876
-61.875
-61.874
-61.873
-61.872
-61.871
-61.871
-61.87
-61.869
-61.868
-61.867
-61.866
-61.865
-61.864
-61.863
-61.862
-61.862
-61.861
-61.86
-61.859
-61.858
-61.857
-61.856
-61.855
-61.854
-61.853
-61.852
-61.851
-61.85
-61.849
-61.848
-61.847
-61.846
-61.845
-61.844
-61.843
-61.842
-61.841
-61.839
-61.838
-61.837
-61.836
-61.835
-61.834
-61.833
-61.832
-61.831
-61.83
-61.828
-61.827
-61.826
-61.825
-61.824
-61.823
-61.821
-61.82
-61.819
-61.818
-61.817
-61.816
-61.814
-61.813
-61.812
-61.811
-61.809
-61.808
-61.807
-61.806
-61.804
-61.803
-61.802
-61.801
-61.799
-61.798
-61.797
-61.795
-61.794
-61.793
-61.792
-61.79
-61.789
-61.788
-61.786
-61.785
-61.783
-61.782
-61.781
-61.779
-61.778
-61.777
-61.775
-61.774
-61.772
-61.771
-61.77
-61.768
-61.767
-61.765
-61.764
-61.762
-61.761
-61.759
-61.758
-61.756
-61.755
-61.753
-61.752
-61.75
-61.749
-61.747
-61.746
-61.744
-61.743
-61.741
-61.74
-61.738
-61.737
-61.735
-61.733
-61.732
-61.73
-61.729
-61.727
-61.726
-61.724
-61.722
-61.721
-61.719
-61.717
-61.716
-61.714
-61.712
-61.711
-61.709
-61.707
-61.706
-61.704
-61.702
-61.701
-61.699
-61.697
-61.696
-61.694
-61.692
-61.69
-61.689
-61.687
-61.685
-61.683
-61.682
-61.68
-61.678
-61.676
-61.675
-61.673
-61.671
-61.669
-61.667
-61.665
-61.664
-61.662
-61.66
-61.658
-61.656
-61.654
-61.653
-61.651
-61.649
-61.647
-61.645
-61.643
-61.641
-61.639
-61.637
-61.635
-61.634
-61.632
-61.63
-61.628
-61.626
-61.624
-61.622
-61.62
-61.618
-61.616
-61.614
-61.612
-61.61
-61.608
-61.606
-61.604
-61.602
-61.6
-61.598
-61.596
-61.594
-61.592
-61.59
-61.587
-61.585
-61.583
-61.581
-61.579
-61.577
-61.575
-61.573
-61.571
-61.569
-61.566
-61.564
-61.562
-61.56
-61.558
-61.556
-61.553
-61.551
-61.549
-61.547
-61.545
-61.542
-61.54
-61.538
-61.536
-61.534
-61.531
-61.529
-61.527
-61.525
-61.522
-61.52
-61.518
-61.516
-61.513
-61.511
-61.509
-61.506
-61.504
-61.502
-61.499
-61.497
-61.495
-61.492
-61.49
-61.488
-61.485
-61.483
-61.481
-61.478
-61.476
-61.473
-61.471
-61.469
-61.466
-61.464
-61.461
-61.459
-61.457
-61.454
-61.452
-61.449
-61.447
-61.444
-61.442
-61.439
-61.437
-61.434
-61.432
-61.429
-61.427
-61.424
-61.422
-61.419
-61.417
-61.414
-61.412
-61.409
-61.408
-59.08
-57.773
-56.682
-55.791
-55.083
-54.541
-54.15
-53.892
-53.755
-53.723
-53.783
-53.924
-54.134
-54.403
-54.723
-55.083
-55.478
-55.899
-56.34
-56.796
-57.262
-57.733
-58.204
-58.674
-59.138
-59.595
-60.041
-60.476
-60.897
-61.304
-61.696
-62.072
-62.431
-62.773
-63.099
-63.408
-63.7
-63.976
-64.236
-64.48
-64.71
-64.924
-65.125
-65.312
-65.487
-65.649
-65.8
-65.939
-66.068
-66.188
-66.188
-66.403
-66.5
-66.589
-66.671
-66.746
-66.815
-66.878
-66.935
-66.988
-66.988
-67.082
-67.125
-67.164
-67.199
-67.231
-67.26
-67.287
-67.31
-67.331
-67.35
-67.367
-67.382
-67.395
-67.406
-67.416
-67.424
-67.431
-67.431
-67.445
-67.452
-67.459
-67.464
-67.468
-67.472
-67.475
-67.477
-67.478
-67.479
-67.479
-67.479
-67.478
-67.476
-67.475
-67.472
-67.469
-67.466
-67.462
-67.462
-67.457
-67.456
-67.456
-67.457
-67.459
-67.46
-67.462
-67.462
-67.463
-67.463
-67.463
-67.463
-67.462
-67.461
-67.46
-67.458
-67.457
-67.454
-67.452
-67.45
-67.447
-67.444
-67.444
-67.441
-67.441
-67.441
-67.444
-67.447
-67.45
-67.453
-67.455
-67.457
-67.459
-67.461
-67.462
-67.463
-67.465
-67.465
-67.466
-67.466
-67.466
-67.466
-67.466
-67.466
-67.465
-67.464
-67.463
-67.461
-67.46
-67.458
-67.456
-67.453
-67.451
-67.448
-67.445
-67.442
-67.438
-67.435
-67.435
-67.43
-67.43
-67.43
-67.432
-67.435
-67.437
-67.439
-67.441
-67.442
-67.444
-67.445
-67.446
-67.446
-67.447
-67.447
-67.447
-67.447
-67.446
-67.445
-67.444
-67.443
-67.441
-67.439
-67.437
-67.435
-67.432
-67.43
-67.427
-67.423
-67.42
-67.416
-67.411
-67.407
-67.402
-67.397
-67.392
-67.386
-67.38
-67.373
-67.373
-67.363
-67.36
-67.36
-67.356
-67.356
-67.356
-67.357
-67.36
-67.36
-67.368
-67.373
-67.378
-67.383
-67.387
-67.392
-67.395
-67.399
-67.402
-67.405
-67.407
-67.409
-67.411
-67.413
-67.414
-67.415
-67.416
-67.416
-67.417
-67.416
-67.416
-67.415
-67.414
-67.413
-67.412
-67.41
-67.408
-67.405
-67.402
-67.399
-67.396
-67.392
-67.388
-67.384
-67.379
-67.374
-67.374
-67.367
-67.365
-67.365
-67.364
-67.365
-67.365
-67.37
-67.374
-67.374
-67.385
-67.392
-67.398
-67.405
-67.411
-67.416
-67.422
-67.427
-67.432
-67.437
-67.441
-67.445
-67.449
-67.453
-67.456
-67.459
-67.462
-67.465
-67.467
-67.47
-67.472
-67.474
-67.475
-67.477
-67.478
-67.479
-67.48
-67.481
-67.482
-67.482
-67.482
-67.482
-67.482
-67.481
-67.481
-67.48
-67.479
-67.478
-67.477
-67.475
-67.473
-67.471
-67.469
-67.467
-67.464
-67.461
-67.458
-67.455
-67.452
-67.448
-67.444
-67.44
-67.435
-67.431
-67.426
-67.42
-67.415
-67.409
-67.403
-67.403
-67.394
-67.391
-67.391
-67.388
-67.388
-67.388
-67.391
-67.394
-67.394
-67.403
-67.409
-67.415
-67.421
-67.426
-67.431
-67.436
-67.441
-67.445
-67.449
-67.453
-67.456
-67.46
-67.463
-67.466
-67.468
-67.471
-67.473
-67.475
-67.477
-67.479
-67.48
-67.481
-67.482
-67.483
-67.484
-67.485
-67.485
-67.485
-67.485
-67.485
-67.484
-67.484
-67.483
-67.482
-67.481
-67.48
-67.478
-67.476
-67.475
-67.472
-67.47
-67.468
-67.465
-67.462
-67.459
-67.455
-67.452
-67.448
-67.444
-67.439
-67.435
-67.43
-67.425
-67.42
-67.414
-67.408
-67.402
-67.395
-67.388
-67.381
-67.373
-67.365
-67.357
-67.349
-67.34
-67.33
-67.32
-67.31
-67.299
-67.299
-67.281
-67.273
-67.273
-67.259
-67.254
-67.254
-67.246
-67.243
-67.243
-67.24
-67.24
-67.24
-67.242
-67.244
-67.244
-67.251
-67.256
-67.256
-67.269
-67.276
-67.276
-67.294
-67.304
-67.314
-67.323
-67.332
-67.341
-67.349
-67.357
-67.364
-67.371
-67.378
-67.384
-67.39
-67.395
-67.401
-67.406
-67.41
-67.415
-67.419
-67.423
-67.426
-67.43
-67.433
-67.435
-67.438
-67.44
-67.442
-67.444
-67.445
-67.447
-67.448
-67.448
-67.449
-67.449
-67.449
-67.449
-67.449
-67.448
-67.447
-67.446
-67.445
-67.443
-67.441
-67.439
-67.437
-67.434
-67.431
-67.428
-67.425
-67.421
-67.417
-67.413
-67.408
-67.403
-67.398
-67.393
-67.387
-67.381
-67.374
-67.367
-67.36
-67.353
-67.345
-67.337
-67.328
-67.319
-67.309
-67.299
-67.289
-67.278
-67.278
-67.258
-67.25
-67.25
-67.236
-67.23
-67.23
-67.221
-67.218
-67.218
-67.214
-67.213
-67.213
-67.214
-67.216
-67.216
-67.222
-67.226
-67.226
-67.237
-67.243
-67.243
-67.259
-67.268
-67.268
-67.29
-67.302
-67.313
-67.324
-67.335
-67.345
-67.355
-67.364
-67.373
-67.382
-67.39
-67.398
-67.406
-67.414
-67.421
-67.428
-67.434
-67.441
-67.447
-67.453
-67.458
-67.464
-67.469
-67.474
-67.479
-67.483
-67.488
-67.492
-67.496
-67.5
-67.503
-67.507
-67.51
-67.514
-67.517
-67.52
-67.523
-67.525
-67.528
-67.53
-67.533
-67.535
-67.537
-67.539
-67.541
-67.543
-67.544
-67.546
-67.548
-67.549
-67.55
-67.552
-67.553
-67.554
-67.555
-67.556
-67.556
-67.557
-67.558
-67.558
-67.559
-67.559
-67.56
-67.56
-67.56
-67.56
-67.56
-67.56
-67.56
-67.56
-67.56
-67.559
-67.559
-67.558
-67.558
-67.557
-67.557
-67.556
-67.555
-67.554
-67.553
-67.552
-67.55
-67.549
-67.548
-67.546
-67.545
-67.543
-67.541
-67.539
-67.537
-67.535
-67.533
-67.531
-67.528
-67.526
-67.523
-67.52
-67.517
-67.514
-67.511
-67.507
-67.504
-67.5
-67.496
-67.492
-67.488
-67.484
-67.479
-67.474
-67.47
-67.464
-67.459
-67.453
-67.448
-67.441
-67.441
-67.433
-67.43
-67.427
-67.423
-67.42
-67.42
-67.415
-67.415
-67.414
-67.413
-67.412
-67.412
-67.412
-67.414
-67.415
-67.416
-67.417
-67.417
-67.422
-67.426
-67.43
-67.433
-67.437
-67.44
-67.442
-67.445
-67.447
-67.449
-67.451
-67.452
-67.454
-67.455
-67.455
-67.456
-67.456
-67.457
-67.456
-67.456
-67.456
-67.455
-67.454
-67.453
-67.451
-67.449
-67.448
-67.445
-67.443
-67.44
-67.437
-67.434
-67.431
-67.427
-67.423
-67.419
-67.414
-67.41
-67.405
-67.399
-67.393
-67.387
-67.381
-67.374
-67.367
-67.36
-67.36
-67.348
-67.344
-67.339
-67.333
-67.328
-67.328
-67.319
-67.316
-67.313
-67.309
-67.305
-67.305
-67.3
-67.298
-67.296
-67.294
-67.291
-67.291
-67.288
-67.288
-67.288
-67.287
-67.285
-67.285
-67.285
-67.286
-67.287
-67.287
-67.286
-67.286
-67.289
-67.291
-67.293
-67.295
-67.296
-67.296
-67.3
-67.304
-67.307
-67.31
-67.313
-67.313
-67.32
-67.326
-67.33
-67.335
-67.339
-67.339
-67.35
-67.357
-67.363
-67.369
-67.375
-67.38
-67.386
-67.39
-67.395
-67.399
-67.403
-67.406
-67.409
-67.412
-67.415
-67.417
-67.419
-67.421
-67.423
-67.424
-67.425
-67.425
-67.426
-67.426
-67.426
-67.425
-67.424
-67.424
-67.422
-67.421
-67.419
-67.417
-67.414
-67.412
-67.409
-67.406
-67.402
-67.398
-67.394
-67.389
-67.385
-67.379
-67.374
-67.368
-67.362
-67.355
-67.355
-67.345
-67.341
-67.337
-67.333
-67.328
-67.328
-67.321
-67.319
-67.317
-67.314
-67.31
-67.31
-67.306
-67.306
-67.305
-67.303
-67.302
-67.302
-67.3
-67.301
-67.302
-67.302
-67.301
-67.301
-67.303
-67.305
-67.307
-67.308
-67.309
-67.309
-67.313
-67.317
-67.32
-67.323
-67.326
-67.326
-67.333
-67.338
-67.343
-67.348
-67.352
-67.352
-67.363
-67.37
-67.376
-67.383
-67.388
-67.394
-67.399
-67.404
-67.409
-67.413
-67.418
-67.421
-67.425
-67.428
-67.431
-67.434
-67.436
-67.438
-67.44
-67.442
-67.444
-67.445
-67.446
-67.447
-67.447
-67.447
-67.447
-67.447
-67.447
-67.446
-67.445
-67.444
-67.442
-67.44
-67.439
-67.436
-67.434
-67.431
-67.428
-67.425
-67.421
-67.418
-67.413
-67.409
-67.404
-67.399
-67.394
-67.389
-67.383
-67.376
-67.37
-67.363
-67.363
-67.352
-67.348
-67.343
-67.338
-67.333
-67.333
-67.326
-67.323
-67.321
-67.317
-67.314
-67.314
-67.309
-67.308
-67.307
-67.305
-67.303
-67.303
-67.301
-67.302
-67.302
-67.302
-67.301
-67.301
-67.302
-67.304
-67.305
-67.306
-67.307
-67.307
-67.311
-67.314
-67.317
-67.32
-67.322
-67.322
-67.329
-67.334
-67.338
-67.342
-67.346
-67.346
-67.356
-67.363
-67.369
-67.375
-67.38
-67.386
-67.39
-67.395
-67.399
-67.403
-67.407
-67.41
-67.413
-67.416
-67.418
-67.42
-67.422
-67.424
-67.425
-67.426
-67.427
-67.427
-67.428
-67.428
-67.427
-67.427
-67.426
-67.425
-67.423
-67.422
-67.42
-67.417
-67.415
-67.412
-67.409
-67.406
-67.402
-67.398
-67.394
-67.389
-67.384
-67.379
-67.373
-67.367
-67.361
-67.354
-67.354
-67.343
-67.34
-67.335
-67.331
-67.326
-67.326
-67.319
-67.316
-67.314
-67.311
-67.307
-67.307
-67.303
-67.302
-67.301
-67.299
-67.297
-67.297
-67.296
-67.296
-67.296
-67.296
-67.295
-67.295
-67.296
-67.298
-67.3
-67.301
-67.301
-67.301
-67.305
-67.309
-67.312
-67.314
-67.316
-67.316
-67.323
-67.328
-67.332
-67.336
-67.34
-67.34
-67.35
-67.356
-67.362
-67.368
-67.373
-67.373
-67.387
-67.396
-67.404
-67.412
-67.419
-67.426
-67.433
-67.44
-67.446
-67.453
-67.458
-67.464
-67.47
-67.475
-67.48
-67.485
-67.49
-67.494
-67.499
-67.503
-67.507
-67.511
-67.515
-67.518
-67.522
-67.525
-67.528
-67.532
-67.535
-67.537
-67.54
-67.543
-67.545
-67.548
-67.55
-67.553
-67.555
-67.557
-67.559
-67.561
-67.563
-67.565
-67.566
-67.568
-67.57
-67.571
-67.573
-67.574
-67.576
-67.577
-67.578
-67.58
-67.581
-67.582
-67.583
-67.584
-67.585
-67.586
-67.587
-67.588
-67.589
-67.59
-67.591
-67.591
-67.592
-67.593
-67.594
-67.594
-67.595
-67.595
-67.596
-67.597
-67.597
-67.598
-67.598
-67.599
-67.599
-67.6
-67.6
-67.6
-67.601
-67.601
-67.602
-67.602
-67.602
-67.603
-67.603
-67.603
-67.604
-67.604
-67.604
-67.604
-67.605
-67.605
-67.605
-67.605
-67.605
-67.606
-67.606
-67.606
-67.606
-67.606
-67.606
-67.607
-67.607
-67.607
-67.607
-67.607
-67.607
-67.607
-67.607
-67.607
-67.607
-67.607
-67.608
-67.608
-67.608
-67.608
-67.608
-67.608
-67.608
-67.608
-67.608
-67.608
-67.608
-67.608
-67.608
-67.608
-67.608
-67.608
-67.607
-67.607
-67.607
-67.607
-67.607
-67.607
-67.607
-67.607
-67.607
-67.607
-67.607
-67.606
-67.606
-67.606
-67.606
-67.606
-67.606
-67.606
-67.605
-67.605
-67.605
-67.605
-67.604
-67.604
-67.604
-67.604
-67.603
-67.603
-67.603
-67.603
-67.602
-67.602
-67.602
-67.601
-67.601
-67.6
-67.6
-67.599
-67.599
-67.599
-67.598
-67.598
-67.597
-67.596
-67.596
-67.595
-67.595
-67.594
-67.593
-67.593
-67.592
-67.591
-67.59
-67.589
-67.589
-67.588
-67.587
-67.586
-67.585
-67.584
-67.583
-67.582
-67.58
-67.579
-67.578
-67.577
-67.575
-67.574
-67.572
-67.571
-67.569
-67.568
-67.566
-67.564
-67.562
-67.56
-67.558
-67.556
-67.554
-67.552
-67.55
-67.547
-67.545
-67.542
-67.539
-67.537
-67.534
-67.531
-67.527
-67.524
-67.521
-67.517
-67.514
-67.51
-67.506
-67.502
-67.497
-67.493
-67.488
-67.483
-67.478
-67.473
-67.468
-67.468
-67.46
-67.458
-67.456
-67.454
-67.451
-67.448
-67.445
-67.441
-67.437
-67.433
-67.429
-67.429
-67.424
-67.423
-67.422
-67.42
-67.418
-67.416
-67.413
-67.411
-67.408
-67.404
-67.401
-67.401
-67.396
-67.396
-67.395
-67.394
-67.392
-67.39
-67.388
-67.386
-67.383
-67.38
-67.376
-67.376
-67.372
-67.372
-67.371
-67.37
-67.37
-67.37
-67.372
-67.373
-67.374
-67.375
-67.375
-67.375
-67.375
-67.375
-67.373
-67.372
-67.372
-67.372
-67.374
-67.375
-67.376
-67.377
-67.377
-67.377
-67.377
-67.376
-67.375
-67.373
-67.373
-67.373
-67.375
-67.376
-67.377
-67.377
-67.377
-67.377
-67.377
-67.376
-67.374
-67.373
-67.373
-67.373
-67.374
-67.375
-67.376
-67.376
-67.376
-67.376
-67.375
-67.374
-67.373
-67.371
-67.371
-67.371
-67.372
-67.373
-67.373
-67.373
-67.373
-67.373
-67.372
-67.371
-67.369
-67.367
-67.367
-67.367
-67.368
-67.368
-67.369
-67.369
-67.368
-67.368
-67.367
-67.365
-67.363
-67.361
-67.361
-67.36
-67.361
-67.361
-67.361
-67.361
-67.36
-67.359
-67.358
-67.356
-67.354
-67.351
-67.351
-67.349
-67.349
-67.349
-67.349
-67.349
-67.351
-67.354
-67.356
-67.357
-67.359
-67.36
-67.36
-67.361
-67.361
-67.36
-67.359
-67.359
-67.361
-67.363
-67.365
-67.366
-67.367
-67.368
-67.368
-67.368
-67.368
-67.367
-67.366
-67.366
-67.366
-67.368
-67.37
-67.371
-67.372
-67.372
-67.372
-67.372
-67.371
-67.37
-67.369
-67.369
-67.369
-67.371
-67.372
-67.373
-67.374
-67.374
-67.374
-67.374
-67.373
-67.372
-67.37
-67.37
-67.37
-67.372
-67.373
-67.374
-67.374
-67.374
-67.374
-67.373
-67.372
-67.371
-67.369
-67.369
-67.369
-67.37
-67.371
-67.372
-67.372
-67.372
-67.371
-67.371
-67.37
-67.368
-67.366
-67.366
-67.365
-67.366
-67.367
-67.368
-67.368
-67.367
-67.367
-67.366
-67.364
-67.362
-67.36
-67.36
-67.359
-67.36
-67.36
-67.36
-67.36
-67.359
-67.358
-67.357
-67.355
-67.353
-67.35
-67.35
-67.348
-67.348
-67.348
-67.348
-67.348
-67.35
-67.353
-67.355
-67.357
-67.358
-67.359
-67.36
-67.36
-67.36
-67.359
-67.358
-67.358
-67.36
-67.362
-67.364
-67.365
-67.366
-67.367
-67.367
-67.367
-67.366
-67.366
-67.364
-67.364
-67.365
-67.367
-67.368
-67.369
-67.37
-67.371
-67.371
-67.37
-67.37
-67.369
-67.367
-67.367
-67.367
-67.369
-67.37
-67.371
-67.372
-67.372
-67.372
-67.371
-67.37
-67.369
-67.367
-67.367
-67.367
-67.369
-67.37
-67.37
-67.371
-67.371
-67.37
-67.369
-67.368
-67.367
-67.365
-67.365
-67.364
-67.365
-67.366
-67.367
-67.367
-67.366
-67.366
-67.365
-67.363
-67.362
-67.359
-67.359
-67.358
-67.359
-67.36
-67.36
-67.359
-67.359
-67.358
-67.356
-67.355
-67.352
-67.35
-67.35
-67.348
-67.348
-67.348
-67.348
-67.348
-67.35
-67.352
-67.355
-67.356
-67.358
-67.359
-67.359
-67.36
-67.36
-67.359
-67.358
-67.358
-67.359
-67.362
-67.363
-67.365
-67.366
-67.366
-67.367
-67.367
-67.366
-67.365
-67.364
-67.364
-67.365
-67.367
-67.368
-67.369
-67.37
-67.371
-67.371
-67.37
-67.37
-67.369
-67.367
-67.367
-67.367
-67.369
-67.37
-67.371
-67.372
-67.372
-67.372
-67.371
-67.37
-67.369
-67.367
-67.367
-67.367
-67.369
-67.37
-67.37
-67.371
-67.371
-67.37
-67.369
-67.368
-67.367
-67.365
-67.365
-67.364
-67.366
-67.366
-67.367
-67.367
-67.367
-67.366
-67.365
-67.364
-67.362
-67.36
-67.36
-67.358
-67.359
-67.36
-67.36
-67.36
-67.359
-67.358
-67.357
-67.355
-67.353
-67.35
-67.35
-67.348
-67.348
-67.348
-67.348
-67.348
-67.35
-67.353
-67.355
-67.357
-67.358
-67.359
-67.36
-67.36
-67.36
-67.36
-67.359
-67.359
-67.36
-67.362
-67.364
-67.366
-67.367
-67.367
-67.368
-67.368
-67.367
-67.366
-67.365
-67.365
-67.366
-67.368
-67.369
-67.371
-67.371
-67.372
-67.372
-67.372
-67.371
-67.37
-67.369
-67.369
-67.369
-67.371
-67.372
-67.373
-67.374
-67.374
-67.374
-67.373
-67.373
-67.371
-67.37
-67.37
-67.37
-67.371
-67.373
-67.373
-67.374
-67.374
-67.374
-67.373
-67.372
-67.371
-67.369
-67.369
-67.369
-67.37
-67.371
-67.372
-67.372
-67.372
-67.371
-67.371
-67.369
-67.368
-67.366
-67.366
-67.365
-67.366
-67.367
-67.368
-67.368
-67.367
-67.367
-67.366
-67.364
-67.362
-67.36
-67.36
-67.359
-67.36
-67.36
-67.36
-67.36
-67.359
-67.358
-67.357
-67.355
-67.353
-67.35
-67.35
-67.348
-67.348
-67.348
-67.348
-67.348
-67.35
-67.353
-67.355
-67.357
-67.358
-67.359
-67.36
-67.36
-67.36
-67.359
-67.358
-67.358
-67.36
-67.362
-67.364
-67.365
-67.366
-67.367
-67.367
-67.367
-67.366
-67.366
-67.364
-67.364
-67.365
-67.367
-67.368
-67.369
-67.37
-67.371
-67.371
-67.37
-67.37
-67.369
-67.367
-67.367
-67.367
-67.369
-67.37
-67.371
-67.372
-67.372
-67.372
-67.371
-67.37
-67.369
-67.367
-67.367
-67.367
-67.369
-67.37
-67.37
-67.371
-67.371
-67.37
-67.369
-67.368
-67.367
-67.365
-67.365
-67.364
-67.365
-67.366
-67.367
-67.367
-67.366
-67.366
-67.365
-67.363
-67.362
-67.359
-67.359
-67.358
-67.359
-67.36
-67.36
-67.359
-67.359
-67.358
-67.356
-67.355
-67.352
-67.35
-67.35
-67.348
-67.348
-67.348
-67.348
-67.348
-67.35
-67.352
-67.355
-67.356
-67.358
-67.359
-67.359
-67.36
-67.36
-67.359
-67.358
-67.358
-67.36
-67.362
-67.363
-67.365
-67.366
-67.366
-67.367
-67.367
-67.366
-67.365
-67.364
-67.364
-67.365
-67.367
-67.368
-67.369
-67.37
-67.371
-67.371
-67.37
-67.37
-67.369
-67.367
-67.367
-67.367
-67.369
-67.37
-67.371
-67.372
-67.372
-67.372
-67.371
-67.37
-67.369
-67.367
-67.367
-67.367
-67.369
-67.37
-67.37
-67.371
-67.371
-67.37
-67.37
-67.368
-67.367
-67.365
-67.365
-67.364
-67.366
-67.366
-67.367
-67.367
-67.367
-67.366
-67.365
-67.364
-67.362
-67.36
-67.36
-67.359
-67.359
-67.36
-67.36
-67.36
-67.359
-67.358
-67.357
-67.355
-67.353
-67.35
-67.35
-67.348
-67.349
-67.349
-67.348
-67.348
-67.35
-67.353
-67.355
-67.357
-67.358
-67.359
-67.36
-67.36
-67.36
-67.36
-67.359
-67.359
-67.361
-67.363
-67.364
-67.366
-67.367
-67.368
-67.368
-67.368
-67.368
-67.367
-67.366
-67.366
-67.367
-67.369
-67.37
-67.371
-67.372
-67.372
-67.373
-67.372
-67.372
-67.371
-67.37
-67.37
-67.37
-67.372
-67.373
-67.374
-67.375
-67.375
-67.375
-67.374
-67.374
-67.373
-67.371
-67.371
-67.371
-67.373
-67.374
-67.375
-67.375
-67.375
-67.375
-67.375
-67.374
-67.373
-67.371
-67.371
-67.371
-67.372
-67.373
-67.374
-67.374
-67.374
-67.374
-67.373
-67.372
-67.371
-67.369
-67.369
-67.368
-67.37
-67.371
-67.371
-67.371
-67.371
-67.37
-67.37
-67.368
-67.367
-67.365
-67.365
-67.364
-67.365
-67.365
-67.366
-67.366
-67.369
-67.372
-67.375
-67.378
-67.38
-67.382
-67.382
-67.389
-67.394
-67.398
-67.403
-67.403
-67.414
-67.422
-67.429
-67.436
-67.442
-67.449
-67.455
-67.461
-67.466
-67.472
-67.477
-67.482
-67.487
-67.491
-67.496
-67.5
-67.504
-67.508
-67.512
-67.516
-67.52
-67.523
-67.526
-67.53
-67.533
-67.536
-67.538
-67.541
-67.544
-67.546
-67.549
-67.551
-67.553
-67.556
-67.558
-67.56
-67.562
-67.564
-67.565
-67.567
-67.569
-67.57
-67.572
-67.573
-67.575
-67.576
-67.578
-67.579
-67.58
-67.581
-67.583
-67.584
-67.585
-67.586
-67.587
-67.588
-67.589
-67.589
-67.59
-67.591
-67.592
-67.593
-67.593
-67.594
-67.595
-67.595
-67.596
-67.597
-67.597
-67.598
-67.598
-67.599
-67.599
-67.6
-67.6
-67.601
-67.601
-67.601
-67.602
-67.602
-67.603
-67.603
-67.603
-67.604
-67.604
-67.604
-67.605
-67.605
-67.605
-67.605
-67.606
-67.606
-67.606
-67.606
-67.607
-67.607
-67.607
-67.607
-67.607
-67.607
-67.608
-67.608
-67.608
-67.608
-67.608
-67.608
-67.609
-67.609
-67.609
-67.609
-67.609
-67.609
-67.609
-67.609
-67.61
-67.61
-67.61
-67.61
-67.61
-67.61
-67.61
-67.61
-67.61
-67.61
-67.61
-67.61
-67.61
-67.611
-67.611
-67.611
-67.611
-67.611
-67.611
-67.611
-67.611
-67.611
-67.611
-67.611
-67.611
-67.611
-67.611
-67.611
-67.611
-67.611
-67.611
-67.611
-67.611
-67.611
-67.611
-67.611
-67.611
-67.611
-67.612
-67.612
-67.612
-67.612
-67.612
-67.612
-67.612
-67.612
-67.612
-67.612
-67.612
-67.612
-67.612
-67.612
-67.612
-67.612
-67.612
-67.612
-67.612
-67.612
-67.612
-67.612
-67.612
-67.612
-67.612
-67.612
-67.612
-67.612
-67.612
-67.612
-67.612
-67.612
-67.612
-67.612
-67.612
-67.612
-67.612
-67.612
-67.612
-67.612
-67.612
-67.612
-67.612
-67.612
-67.612
-67.612
-67.612
-67.612
-67.612
-67.612
-67.612
-67.612
-67.612
-67.612
-67.612
-67.612
-67.612
-67.612
-67.612
-67.612
-67.612
-67.612
-67.612
-67.612
-67.612
-67.612
-67.612
-67.612
-67.612
-67.612
-67.612
-67.612
-67.612
-67.612
-67.612
-67.612
-67.612
-67.612
-67.612
-67.612
-67.612
-67.612
-67.612
-67.612
-67.612
-67.612
-67.612
-67.612
-67.612
-67.612
-67.612
-67.612
-67.612
-67.612
-67.612
-67.612
-67.612
-67.612
-67.612
-67.612
-67.612
-67.612
-67.612
-67.612
-67.612
-67.612
-67.612
-67.612
-67.612
-67.612
-67.612
-67.612
-67.612
-67.612
-67.612
-67.612
-67.612
-67.612
-67.612
-67.612
-67.612
-67.612
-67.612
-67.612
-67.612
-67.612
-67.612
-67.612
-67.612
-67.612
-67.612
-67.612
-67.612
-67.612
-67.612
-67.612
-67.612
-67.612
-67.612
-67.612
-67.612
-67.612
-67.612
-67.612
-67.612
-67.612
-67.612
-67.612
-67.612
-67.612
-67.612
-67.612
-67.612
-67.612
-67.612
-67.612
-67.612
-67.612
-67.612
-67.612
-67.612
-67.612
-67.612
-67.612
-67.612
-67.612
-67.612
-67.612
-67.612
-67.612
-67.612
-67.612
-67.612
-67.612
-67.612
-67.612
-67.612
-67.612
-67.612
-67.612
-67.612
-67.612
-67.612
-67.612
-67.612
-67.612
-67.612
-67.612
-67.612
-67.612
-67.612
-67.612
-67.612
-67.612
-67.612
-67.612
-67.612
-67.612
-67.612
-67.612
-67.612
-67.612
-67.612
-67.612
-67.612
-67.612
-67.612
-67.612
-67.612
-67.612
-67.612
-67.612
-67.612
-67.612
-67.612
-67.612
-67.612
-67.612
-67.612
-67.612
-67.612
-67.612
-67.612
-67.612
-67.612
-67.612
-67.612
-67.612
-67.612
-67.612
-67.612
-67.612
-67.612
-67.612
-67.612
-67.612
-67.612
-67.612
-67.612
-67.612
-67.612
-67.612
-67.612
-67.612
-67.612
-67.612
-67.612
-67.612
-67.612
-67.612
-67.612
-67.612
-67.612
-67.612
-67.612
-67.612
-67.612
-67.612
-67.612
-67.612
-67.612
-67.612
-67.612
-67.612
-67.612
-67.612
-67.612
-67.612
-67.612
-67.612
-67.612
-67.612
-67.612
-67.612
-67.612
-67.612
-67.612
-67.612
-67.612
-67.612
-67.612
-67.612
-67.612
-67.612
-67.612
-67.612
-67.612
-67.612
-67.612
-67.612
-67.612
-67.612
-67.612
-67.612
-67.612
-67.612
-67.612
-67.612
-67.612
-67.612
-67.612
-67.612
-67.612
-67.612
-67.612
-67.612
