-76.371
-76.371
-76.371
-76.372
-76.372
-76.372
-76.372
-76.372
-76.372
-76.372
-76.372
-76.372
-76.372
-76.372
-76.372
-76.372
-76.372
-76.372
-76.373
-76.373
-76.373
-76.373
-76.373
-76.373
-76.373
-76.373
-76.373
-76.373
-76.373
-76.373
-76.373
-76.373
-76.373
-76.373
-76.373
-76.373
-76.373
-76.373
-76.373
-76.373
-76.373
-76.373
-76.373
-76.373
-76.373
-76.373
-76.373
-76.373
-76.373
-76.373
-76.373
-76.373
-76.373
-76.373
-76.373
-76.374
-76.374
-76.374
-76.374
-76.374
-76.374
-76.374
-76.374
-76.374
-76.374
-76.375
-76.375
-76.375
-76.375
-76.375
-76.375
-76.375
-76.375
-76.376
-76.376
-76.376
-76.376
-76.376
-76.376
-76.376
-76.376
-76.377
-76.377
-76.377
-76.377
-76.377
-76.377
-76.378
-76.378
-76.378
-76.378
-76.378
-76.378
-76.379
-76.379
-76.379
-76.379
-76.379
-76.379
-76.379
-76.38
-76.38
-76.38
-76.38
-76.381
-76.381
-76.381
-76.381
-76.382
-76.382
-76.382
-76.383
-76.383
-76.383
-76.383
-76.384
-76.384
-76.384
-76.384
-76.384
-76.385
-76.385
-76.385
-76.385
-76.385
-76.386
-76.387
-76.387
-76.387
-76.388
-76.388
-76.388
-76.389
-76.389
-76.389
-76.39
-76.39
-76.39
-76.391
-76.391
-76.391
-76.392
-76.392
-76.392
-76.393
-76.393
-76.393
-76.393
-76.394
-76.394
-76.394
-76.395
-76.395
-76.395
-76.395
-76.396
-76.396
-76.396
-76.396
-76.397
-76.397
-76.397
-76.398
-76.398
-76.398
-76.399
-76.399
-76.4
-76.4
-76.4
-76.401
-76.401
-76.401
-76.402
-76.402
-76.402
-76.403
-76.403
-76.403
-76.404
-76.404
-76.404
-76.404
-76.405
-76.405
-76.405
-76.406
-76.406
-76.406
-76.406
-76.407
-76.407
-76.407
-76.407
-76.407
-76.408
-76.408
-76.408
-76.408
-76.409
-76.409
-76.409
-76.41
-76.41
-76.41
-76.411
-76.411
-76.412
-76.412
-76.413
-76.413
-76.414
-76.414
-76.415
-76.415
-76.416
-76.416
-76.417
-76.417
-76.418
-76.418
-76.418
-76.419
-76.419
-76.42
-76.42
-76.421
-76.421
-76.421
-76.422
-76.422
-76.422
-76.423
-76.423
-76.424
-76.424
-76.424
-76.425
-76.425
-76.425
-76.425
-76.426
-76.426
-76.426
-76.427
-76.427
-76.427
-76.428
-76.428
-76.428
-76.429
-76.43
-76.43
-76.431
-76.432
-76.432
-76.433
-76.433
-76.434
-76.435
-76.435
-76.436
-76.436
-76.437
-76.437
-76.438
-76.438
-76.439
-76.44
-76.44
-76.441
-76.441
-76.442
-76.442
-76.442
-76.443
-76.443
-76.444
-76.444
-76.445
-76.445
-76.446
-76.446
-76.446
-76.447
-76.447
-76.448
-76.448
-76.448
-76.449
-76.449
-76.45
-76.45
-76.45
-76.451
-76.451
-76.451
-76.452
-76.452
-76.452
-76.453
-76.453
-76.453
-76.454
-76.454
-76.454
-76.454
-76.455
-76.455
-76.455
-76.455
-76.456
-76.456
-76.456
-76.456
-76.456
-76.457
-76.458
-76.458
-76.458
-76.459
-76.459
-76.46
-76.46
-76.461
-76.462
-76.462
-76.463
-76.463
-76.464
-76.464
-76.465
-76.465
-76.466
-76.466
-76.466
-76.467
-76.467
-76.468
-76.468
-76.469
-76.469
-76.47
-76.47
-76.47
-76.471
-76.471
-76.472
-76.472
-76.472
-76.473
-76.473
-76.473
-76.474
-76.474
-76.474
-76.475
-76.475
-76.475
-76.476
-76.476
-76.476
-76.476
-76.477
-76.477
-76.477
-76.477
-76.478
-76.478
-76.478
-76.478
-76.479
-76.479
-76.479
-76.479
-76.479
-76.479
-76.48
-76.48
-76.48
-76.48
-76.48
-76.48
-76.48
-76.481
-76.481
-76.481
-76.481
-76.481
-76.481
-76.481
-76.481
-76.481
-76.481
-76.481
-76.481
-76.482
-76.482
-76.482
-76.482
-76.483
-76.483
-76.483
-76.484
-76.484
-76.484
-76.485
-76.485
-76.486
-76.486
-76.486
-76.487
-76.488
-76.488
-76.489
-76.49
-76.49
-76.491
-76.492
-76.492
-76.493
-76.493
-76.494
-76.495
-76.495
-76.496
-76.496
-76.497
-76.497
-76.498
-76.498
-76.499
-76.499
-76.5
-76.5
-76.501
-76.501
-76.502
-76.502
-76.503
-76.503
-76.503
-76.504
-76.504
-76.505
-76.505
-76.505
-76.506
-76.506
-76.507
-76.507
-76.507
-76.508
-76.508
-76.508
-76.508
-76.509
-76.509
-76.509
-76.51
-76.51
-76.51
-76.51
-76.511
-76.511
-76.511
-76.511
-76.511
-76.512
-76.512
-76.512
-76.512
-76.512
-76.513
-76.513
-76.513
-76.513
-76.513
-76.513
-76.513
-76.513
-76.513
-76.514
-76.514
-76.514
-76.514
-76.514
-76.514
-76.514
-76.514
-76.514
-76.515
-76.515
-76.515
-76.516
-76.516
-76.516
-76.517
-76.517
-76.517
-76.518
-76.519
-76.519
-76.52
-76.521
-76.521
-76.522
-76.522
-76.522
-76.524
-76.525
-76.525
-76.526
-76.527
-76.527
-76.528
-76.529
-76.529
-76.53
-76.531
-76.531
-76.532
-76.533
-76.533
-76.534
-76.534
-76.535
-76.535
-76.536
-76.537
-76.537
-76.538
-76.538
-76.539
-76.539
-76.54
-76.54
-76.541
-76.541
-76.542
-76.542
-76.543
-76.543
-76.544
-76.544
-76.545
-76.545
-76.545
-76.546
-76.546
-76.547
-76.547
-76.547
-76.548
-76.548
-76.549
-76.549
-76.549
-76.55
-76.55
-76.55
-76.551
-76.551
-76.551
-76.551
-76.552
-76.552
-76.552
-76.553
-76.553
-76.553
-76.553
-76.554
-76.554
-76.554
-76.554
-76.554
-76.555
-76.555
-76.555
-76.555
-76.555
-76.556
-76.556
-76.556
-76.556
-76.556
-76.556
-76.556
-76.556
-76.557
-76.557
-76.557
-76.557
-76.557
-76.557
-76.557
-76.557
-76.557
-76.557
-76.557
-76.557
-76.557
-76.557
-76.557
-76.557
-76.557
-76.557
-76.557
-76.557
-76.557
-76.557
-76.557
-76.557
-76.557
-76.556
-76.556
-76.556
-76.556
-76.556
-76.556
-76.556
-76.555
-76.555
-76.555
-76.555
-76.555
-76.555
-76.554
-76.554
-76.554
-76.554
-76.554
-76.554
-76.554
-76.554
-76.554
-76.554
-76.553
-76.553
-76.553
-76.553
-76.553
-76.553
-76.553
-76.553
-76.553
-76.553
-76.553
-76.553
-76.553
-76.553
-76.553
-76.553
-76.553
-76.552
-76.552
-76.552
-76.552
-76.552
-76.552
-76.551
-76.551
-76.551
-76.551
-76.551
-76.55
-76.55
-76.55
-76.549
-76.549
-76.549
-76.548
-76.548
-76.548
-76.547
-76.547
-76.546
-76.546
-76.546
-76.545
-76.545
-76.544
-76.544
-76.543
-76.543
-76.542
-76.541
-76.541
-76.54
-76.54
-76.539
-76.539
-76.538
-76.537
-76.537
-76.537
-76.536
-76.535
-76.535
-76.534
-76.534
-76.534
-76.532
-76.532
-76.531
-76.531
-76.53
-76.53
-76.529
-76.529
-76.528
-76.528
-76.527
-76.527
-76.526
-76.525
-76.525
-76.524
-76.524
-76.524
-76.523
-76.522
-76.522
-76.521
-76.52
-76.52
-76.519
-76.519
-76.518
-76.518
-76.517
-76.517
-76.516
-76.515
-76.515
-76.514
-76.514
-76.514
-76.513
-76.512
-76.511
-76.511
-76.51
-76.51
-76.509
-76.508
-76.508
-76.507
-76.506
-76.505
-76.504
-76.504
-76.503
-76.502
-76.501
-76.5
-76.499
-76.498
-76.497
-76.496
-76.495
-76.494
-76.492
-76.491
-76.49
-76.489
-76.488
-76.486
-76.485
-76.484
-76.482
-76.481
-76.479
-76.478
-76.476
-76.475
-76.473
-76.472
-76.47
-76.468
-76.467
-76.465
-76.463
-76.462
-76.462
-76.458
-76.456
-76.454
-76.453
-76.451
-76.451
-76.447
-76.445
-76.443
-76.441
-76.439
-76.439
-76.436
-76.434
-76.432
-76.43
-76.428
-76.428
-76.424
-76.422
-76.42
-76.418
-76.416
-76.416
-76.411
-76.409
-76.407
-76.405
-76.403
-76.403
-76.398
-76.396
-76.394
-76.391
-76.389
-76.389
-76.384
-76.382
-76.38
-76.377
-76.375
-76.375
-76.37
-76.367
-76.365
-76.362
-76.36
-76.357
-76.354
-76.351
-76.349
-76.346
-76.343
-76.34
-76.337
-76.333
-76.33
-76.327
-76.324
-76.32
-76.317
-76.313
-76.31
-76.306
-76.302
-76.299
-76.295
-76.291
-76.287
-76.283
-76.279
-76.275
-76.27
-76.266
-76.262
-76.257
-76.253
-76.248
-76.243
-76.239
-76.234
-76.229
-76.224
-76.219
-76.214
-76.209
-76.203
-76.198
-76.192
-76.187
-76.181
-76.175
-76.169
-76.164
-76.164
-76.152
-76.146
-76.14
-76.133
-76.127
-76.127
-76.115
-76.108
-76.102
-76.095
-76.089
-76.089
-76.076
-76.069
-76.062
-76.055
-76.048
-76.048
-76.034
-76.027
-76.02
-76.013
-76.005
-76.005
-75.99
-75.983
-75.975
-75.968
-75.96
-75.96
-75.944
-75.936
-75.928
-75.92
-75.911
-75.911
-75.894
-75.886
-75.877
-75.869
-75.86
-75.86
-75.842
-75.833
-75.824
-75.814
-75.805
-75.795
-75.786
-75.776
-75.766
-75.755
-75.745
-75.734
-75.724
-75.713
-75.701
-75.69
-75.679
-75.667
-75.655
-75.643
-75.631
-75.619
-75.606
-75.593
-75.58
-75.567
-75.554
-75.54
-75.526
-75.512
-75.498
-75.484
-75.469
-75.454
-75.439
-75.424
-75.409
-75.393
-75.377
-75.361
-75.344
-75.328
-75.311
-75.294
-75.276
-75.259
-75.259
-75.223
-75.205
-75.187
-75.169
-75.15
-75.15
-75.112
-75.093
-75.074
-75.055
-75.035
-75.035
-74.995
-74.975
-74.955
-74.934
-74.913
-74.913
-74.871
-74.849
-74.828
-74.806
-74.784
-74.784
-74.739
-74.716
-74.693
-74.67
-74.646
-74.646
-74.599
-74.575
-74.55
-74.526
-74.501
-74.501
-74.45
-74.425
-74.399
-74.373
-74.346
-74.346
-74.293
-74.266
-74.238
-74.21
-74.182
-74.182
-74.125
-74.097
-74.068
-74.038
-74.008
-73.978
-73.947
-73.916
-73.884
-73.852
-73.819
-73.786
-73.753
-73.719
-73.685
-73.65
-73.614
-73.579
-73.542
-73.506
-73.468
-73.43
-73.392
-73.353
-73.314
-73.274
-73.234
-73.193
-73.152
-73.11
-73.068
-73.025
-72.981
-72.937
-72.893
-72.848
-72.802
-72.756
-72.709
-72.662
-72.614
-72.566
-72.517
-72.467
-72.417
-72.366
-72.315
-72.263
-72.211
-72.158
-72.104
-72.05
-71.995
-71.939
-71.883
-71.826
-71.769
-71.711
-71.652
-71.593
-71.533
-71.472
-71.411
-71.349
-71.287
-71.224
-71.16
-71.096
-71.031
-70.965
-70.899
-70.831
-70.764
-70.695
-70.626
-70.557
-70.486
-70.415
-70.344
-70.271
-70.198
-70.124
-70.05
-69.975
-69.899
-69.823
-69.745
-69.668
-69.589
-69.51
-69.43
-69.35
-69.268
-69.186
-69.104
-69.02
-68.937
-68.852
-68.767
-68.681
-68.594
-68.507
-68.419
-68.33
-68.24
-68.15
-68.06
-67.968
-67.876
-67.784
-67.69
-67.596
-67.502
-67.406
-67.31
-67.214
-67.117
-67.019
-66.92
-66.821
-66.721
-66.621
-66.52
-66.418
-66.316
-66.213
-66.11
-66.006
-65.901
-65.796
-65.69
-65.584
-65.477
-65.37
-65.262
-65.153
-65.044
-64.934
-64.824
-64.713
-64.602
-64.49
-64.378
-64.265
-64.152
-64.038
-63.924
-63.809
-63.694
-63.578
-63.462
-63.346
-63.229
-63.111
-62.993
-62.875
-62.756
-62.637
-62.518
-62.398
-62.278
-62.157
-62.036
-61.915
-61.793
-61.671
-61.549
-61.426
-61.303
-61.18
-61.056
-60.932
-60.808
-60.684
-60.559
-60.434
-60.309
-60.184
-60.058
-59.932
-59.806
-59.679
-59.553
-59.426
-59.299
-59.172
-59.045
-58.917
-58.79
-58.662
-58.534
-58.406
-58.278
-58.149
-58.021
-57.893
-57.764
-57.635
-57.507
-57.378
-57.249
-57.12
-56.991
-56.862
-56.733
-56.604
-56.474
-56.345
-56.216
-56.087
-55.958
-55.828
-55.699
-55.57
-55.441
-55.312
-55.183
-55.054
-54.925
-54.796
-54.667
-54.538
-54.409
-54.281
-54.152
-54.024
-53.895
-53.767
-53.639
-53.511
-53.383
-53.255
-53.127
-53.127
-52.873
-52.746
-52.62
-52.494
-52.368
-52.242
-52.116
-51.991
-51.866
-51.74
-51.615
-51.615
-51.367
-51.243
-51.12
-50.996
-50.873
-50.75
-50.628
-50.505
-50.383
-50.26
-50.139
-50.139
-49.896
-49.776
-49.655
-49.535
-49.415
-49.296
-49.176
-49.057
-48.938
-48.819
-48.7
-48.7
-48.465
-48.348
-48.231
-48.114
-48.114
-47.882
-47.767
-47.652
-47.537
-47.422
-47.308
-47.194
-47.08
-46.966
-46.853
-46.74
-46.74
-46.514
-46.403
-46.291
-46.18
-46.069
-45.958
-45.847
-45.737
-45.626
-45.516
-45.407
-45.407
-45.189
-45.08
-44.972
-44.864
-44.756
-44.649
-44.542
-44.435
-44.328
-44.221
-44.115
-44.115
-43.903
-43.798
-43.693
-43.589
-43.484
-43.38
-43.276
-43.172
-43.069
-42.965
-42.862
-42.862
-42.657
-42.555
-42.453
-42.352
-42.251
-42.149
-42.048
-41.948
-41.847
-41.747
-41.647
-41.647
-41.448
-41.349
-41.25
-41.151
-41.053
-40.955
-40.857
-40.759
-40.661
-40.564
-40.466
-40.466
-40.273
-40.176
-40.08
-39.984
-39.889
-39.793
-39.698
-39.603
-39.507
-39.413
-39.318
-39.318
-39.129
-39.036
-38.942
-38.849
-38.849
-38.663
-38.571
-38.478
-38.386
-38.294
-38.203
-38.111
-38.019
-37.928
-37.837
-37.745
-37.745
-37.564
-37.474
-37.384
-37.294
-37.204
-37.114
-37.025
-36.935
-36.846
-36.757
-36.668
-36.668
-36.49
-36.402
-36.314
-36.226
-36.138
-36.05
-35.962
-35.875
-35.787
-35.7
-35.612
-35.612
-35.438
-35.352
-35.265
-35.179
-35.093
-35.007
-34.921
-34.835
-34.749
-34.663
-34.577
-34.577
-34.406
-34.321
-34.236
-34.151
-34.067
-33.982
-33.897
-33.813
-33.728
-33.644
-33.559
-33.559
-33.391
-33.307
-33.224
-33.14
-33.057
-32.973
-32.89
-32.806
-32.723
-32.64
-32.557
-32.557
-32.391
-32.308
-32.226
-32.143
-32.061
-31.979
-31.896
-31.814
-31.732
-31.649
-31.567
-31.567
-31.403
-31.322
-31.24
-31.159
-31.077
-30.996
-30.914
-30.833
-30.751
-30.67
-30.588
-30.588
-30.426
-30.346
-30.265
-30.184
-30.184
-30.023
-29.943
-29.863
-29.783
-29.703
-29.623
-29.543
-29.463
-29.382
-29.302
-29.222
-29.222
-29.063
-28.983
-28.904
-28.824
-28.745
-28.665
-28.586
-28.506
-28.427
-28.347
-28.267
-28.267
-28.109
-28.03
-27.951
-27.872
-27.793
-27.714
-27.635
-27.556
-27.476
-27.397
-27.318
-27.318
-27.16
-27.082
-27.003
-26.924
-26.846
-26.767
-26.688
-26.609
-26.531
-26.452
-26.373
-26.373
-26.216
-26.137
-26.059
-25.981
-25.902
-25.824
-25.745
-25.667
-25.588
-25.51
-25.431
-25.431
-25.274
-25.196
-25.118
-25.04
-24.961
-24.883
-24.805
-24.726
-24.648
-24.569
-24.491
-24.491
-24.334
-24.256
-24.178
-24.1
-24.022
-23.944
-23.865
-23.787
-23.709
-23.63
-23.552
-23.552
-23.395
-23.317
-23.239
-23.161
-23.161
-23.005
-22.928
-22.85
-22.772
-22.694
-22.617
-22.539
-22.461
-22.383
-22.305
-22.226
-22.226
-22.071
-21.993
-21.915
-21.837
-21.759
-21.682
-21.604
-21.525
-21.447
-21.369
-21.291
-21.291
-21.135
-21.057
-20.979
-20.901
-20.823
-20.745
-20.667
-20.589
-20.511
-20.432
-20.354
-20.354
-20.198
-20.12
-20.042
-19.964
-19.885
-19.807
-19.729
-19.651
-19.572
-19.494
-19.415
-19.415
-19.258
-19.18
-19.102
-19.024
-18.945
-18.867
-18.788
-18.71
-18.631
-18.553
-18.474
-18.474
-18.317
-18.238
-18.16
-18.081
-18.003
-17.924
-17.845
-17.766
-17.687
-17.608
-17.529
-17.529
-17.372
-17.293
-17.214
-17.136
-17.057
-16.978
-16.899
-16.82
-16.74
-16.661
-16.582
-16.582
-16.423
-16.345
-16.265
-16.186
-16.186
-16.029
-15.95
-15.871
-15.792
-15.713
-15.634
-15.555
-15.476
-15.396
-15.317
-15.238
-15.238
-15.079
-15
-14.921
-14.842
-14.762
-14.683
-14.604
-14.524
-14.444
-14.365
-14.285
-14.285
-14.126
-14.046
-13.967
-13.887
-13.808
-13.728
-13.648
-13.568
-13.488
-13.408
-13.328
-13.328
-13.168
-13.088
-13.008
-12.928
-12.848
-12.768
-12.688
-12.608
-12.527
-12.447
-12.366
-12.366
-12.205
-12.125
-12.045
-11.965
-11.884
-11.804
-11.723
-11.642
-11.562
-11.481
-11.4
-11.4
-11.238
-11.158
-11.077
-10.996
-10.915
-10.835
-10.754
-10.672
-10.591
-10.51
-10.429
-10.429
-10.266
-10.185
-10.104
-10.023
-9.9417
-9.8603
-9.7789
-9.6974
-9.6158
-9.5341
-9.4523
-9.4523
-9.289
-9.2076
-9.1261
-9.0444
-8.9627
-8.8809
-8.7991
-8.7171
-8.635
-8.5529
-8.4707
-8.4707
-8.3066
-8.2247
-8.1427
-8.0606
-8.0606
-7.8969
-7.8152
-7.7334
-7.6515
-7.5695
-7.4874
-7.4053
-7.323
-7.2407
-7.1583
-7.0758
-7.0758
-6.9111
-6.8289
-6.7467
-6.6644
-6.5819
-6.4994
-6.4168
-6.3341
-6.2513
-6.1685
-6.0855
-6.0855
-5.9199
-5.8373
-5.7546
-5.6718
-5.5889
-5.506
-5.4229
-5.3398
-5.2565
-5.1732
-5.0898
-5.0898
-4.9233
-4.8403
-4.7571
-4.6739
-4.5905
-4.5071
-4.4236
-4.34
-4.2563
-4.1725
-4.0887
-4.0887
-3.9213
-3.8378
-3.7542
-3.6705
-3.5867
-3.5028
-3.4188
-3.3348
-3.2506
-3.1664
-3.0821
-3.0821
-2.9138
-2.8298
-2.7458
-2.6616
-2.5774
-2.4931
-2.4086
-2.3241
-2.2395
-2.1549
-2.0701
-2.0701
-1.9009
-1.8165
-1.732
-1.6474
-1.5627
-1.4779
-1.3931
-1.3081
-1.2231
-1.1379
-1.0527
-1.0527
-0.88266
-0.7978
-0.71284
-0.62781
-0.62781
-0.45807
-0.37337
-0.28859
-0.20372
-0.11877
-0.033728
0.051396
0.13661
0.2219
0.30728
0.39275
0.39275
0.56333
0.64846
0.73366
0.81895
0.90433
0.98979
1.0753
1.161
1.2467
1.3325
1.4183
1.4183
1.5897
1.6753
1.7609
1.8466
1.9324
2.0182
2.1042
2.1902
2.2763
2.3625
2.4488
2.4488
2.621
2.7069
2.7929
2.879
2.9652
3.0515
3.1378
3.2242
3.3107
3.3973
3.4839
3.4839
3.6569
3.7432
3.8296
3.916
4.0026
4.0892
4.1759
4.2627
4.3495
4.4364
4.5234
4.5234
4.6971
4.7838
4.8705
4.9573
5.0442
5.1312
5.2182
5.3053
5.3925
5.4798
5.5671
5.5671
5.7414
5.8284
5.9154
6.0026
6.0898
6.1771
6.2644
6.3518
6.4393
6.5269
6.6145
6.6145
6.7894
6.8767
6.964
7.0514
7.0514
7.2259
7.3129
7.4
7.4872
7.5744
7.6618
7.7491
7.8366
7.9241
8.0117
8.0993
8.0993
8.2742
8.3615
8.4488
8.5362
8.6237
8.7112
8.7988
8.8864
8.9741
9.0619
9.1497
9.1497
9.325
9.4125
9.5
9.5875
9.6752
9.7628
9.8506
9.9384
10.026
10.114
10.202
10.202
10.378
10.465
10.553
10.64
10.728
10.816
10.904
10.992
11.08
11.168
11.256
11.256
11.431
11.519
11.606
11.694
11.782
11.87
11.958
12.045
12.133
12.221
12.309
12.309
12.485
12.573
12.66
12.748
12.836
12.923
13.011
13.099
13.187
13.275
13.362
13.362
13.538
13.625
13.713
13.8
13.888
13.976
14.063
14.151
14.238
14.326
14.414
14.414
14.589
14.676
14.763
14.85
14.85
15.025
15.111
15.198
15.285
15.372
15.459
15.459
15.632
15.719
15.805
15.891
15.891
16.064
16.15
16.236
16.322
16.408
16.494
16.58
16.666
16.752
16.838
16.924
17.01
17.095
17.181
17.267
17.353
17.439
17.525
17.611
17.697
17.783
17.869
17.955
18.041
18.126
18.212
18.298
18.384
18.47
18.555
18.641
18.727
18.813
18.898
18.984
19.07
19.155
19.241
19.327
19.412
19.498
19.583
19.669
19.754
19.84
19.925
20.01
20.096
20.181
20.266
20.352
20.437
20.522
20.607
20.692
20.777
20.863
20.948
21.033
21.118
21.202
21.287
21.372
21.457
21.542
21.626
21.711
21.796
21.88
21.965
22.049
22.134
22.218
22.302
22.387
22.471
22.555
22.639
22.723
22.808
22.892
22.975
23.059
23.143
23.227
23.311
23.394
23.478
23.562
23.645
23.729
23.812
23.895
23.979
24.062
24.145
24.228
24.311
24.394
24.477
24.56
24.642
24.725
24.808
24.89
24.973
25.055
25.137
25.22
25.302
25.384
25.466
25.548
25.63
25.712
25.794
25.875
25.957
26.039
26.12
26.201
26.283
26.364
26.445
26.526
26.607
26.688
26.769
26.849
26.93
27.011
27.091
27.171
27.252
27.332
27.412
27.492
27.572
27.652
27.732
27.811
27.891
27.97
28.05
28.129
28.208
28.287
28.366
28.445
28.524
28.603
28.681
28.76
28.838
28.917
28.995
29.073
29.151
29.229
29.307
29.384
29.462
29.539
29.617
29.694
29.771
29.848
29.925
30.002
30.078
30.155
30.231
30.308
30.384
30.46
30.536
30.612
30.688
30.763
30.839
30.914
30.989
31.065
31.14
31.214
31.289
31.364
31.438
31.513
31.587
31.661
31.735
31.809
31.883
31.956
32.03
32.103
32.176
32.249
32.322
32.395
32.468
32.54
32.613
32.685
32.757
32.829
32.901
32.972
33.044
33.115
33.186
33.257
33.328
33.399
33.47
33.54
33.61
33.68
33.75
33.82
33.89
33.959
34.029
34.098
34.167
34.236
34.305
34.373
34.442
34.51
34.578
34.646
34.713
34.781
34.848
34.915
34.982
35.049
35.116
35.183
35.249
35.315
35.381
35.447
35.512
35.578
35.643
35.708
35.773
35.838
35.902
35.966
36.03
36.094
36.158
36.222
36.285
36.348
36.411
36.474
36.536
36.599
36.661
36.723
36.784
36.846
36.907
36.968
37.029
37.09
37.15
37.211
37.271
37.33
37.39
37.449
37.509
37.567
37.626
37.685
37.743
37.801
37.859
37.916
37.974
38.031
38.088
38.144
38.201
38.257
38.313
38.369
38.424
38.479
38.534
38.589
38.643
38.697
38.751
38.805
38.859
38.912
38.965
39.017
39.07
39.122
39.174
39.226
39.277
39.328
39.379
39.429
39.48
39.53
39.58
39.629
39.678
39.727
39.776
39.824
39.872
39.92
39.967
40.015
40.062
40.108
40.155
40.201
40.247
40.292
40.337
40.382
40.427
40.471
40.515
40.559
40.602
40.645
40.688
40.73
40.772
40.814
40.856
40.897
40.938
40.979
41.019
41.059
41.098
41.138
41.177
41.215
41.254
41.292
41.329
41.367
41.404
41.441
41.477
41.513
41.549
41.584
41.619
41.654
41.688
41.723
41.756
41.79
41.823
41.855
41.888
41.92
41.951
41.983
42.014
42.044
42.075
42.105
42.134
42.164
42.193
42.221
42.249
42.277
42.305
42.332
42.359
42.385
42.411
42.437
42.462
42.487
42.512
42.536
42.56
42.584
42.607
42.63
42.652
42.674
42.696
42.717
42.738
42.759
42.779
42.799
42.819
42.838
42.857
42.875
42.893
42.911
42.928
42.945
42.961
42.977
42.993
43.008
43.023
43.038
43.052
43.066
43.079
43.092
43.105
43.117
43.129
43.141
43.152
43.162
43.172
43.182
43.192
43.201
43.209
43.218
43.225
43.233
43.24
43.246
43.253
43.258
43.264
43.268
43.273
43.277
43.281
43.284
43.286
43.289
43.291
43.292
43.293
43.294
43.294
43.293
43.293
43.293
43.293
43.293
43.293
43.293
43.293
43.293
43.293
43.293
43.293
43.293
43.293
43.293
43.293
43.293
43.293
43.293
43.293
43.293
43.293
43.293
43.293
43.293
43.293
43.293
43.293
43.293
43.293
43.293
43.293
43.293
43.293
43.293
43.293
43.293
43.293
43.293
43.293
43.293
43.293
43.293
43.293
43.292
43.292
43.292
43.292
43.292
43.292
43.292
43.292
43.292
43.292
43.292
43.292
43.292
43.292
43.292
43.292
43.292
43.292
43.292
43.292
43.292
43.292
43.292
43.292
43.292
43.292
43.292
43.292
43.292
43.292
43.292
43.292
43.292
43.292
43.292
43.292
43.292
43.292
43.292
43.292
43.292
43.292
43.292
43.292
43.292
43.292
43.292
43.292
43.292
43.292
43.292
43.292
43.292
43.292
43.292
43.292
43.292
43.292
43.292
43.292
43.292
43.292
43.292
43.292
43.292
43.292
43.292
43.292
43.292
43.292
43.291
43.291
43.291
43.291
43.291
43.291
43.291
43.291
43.291
43.291
43.291
43.291
43.291
43.291
43.291
43.291
43.291
43.291
43.291
43.291
43.291
43.291
43.291
43.291
43.291
43.291
43.291
43.291
43.291
43.291
43.291
43.291
43.291
43.291
43.291
43.291
43.291
43.291
43.291
43.291
43.291
43.291
43.291
43.291
43.291
43.291
43.291
43.291
43.291
43.291
43.291
43.291
43.291
43.291
43.291
43.291
43.291
43.291
43.29
43.29
43.29
43.29
43.29
43.29
43.29
43.29
43.29
43.29
43.29
43.29
43.29
43.29
43.29
43.29
43.29
43.29
43.29
43.29
43.29
43.29
43.29
43.29
43.29
43.29
43.29
43.29
43.29
43.29
43.29
43.29
43.29
43.29
43.29
43.29
43.29
43.29
43.29
43.29
43.29
43.29
43.29
43.29
43.29
43.29
43.29
43.29
43.29
43.29
43.29
43.29
43.289
43.289
43.289
43.289
43.289
43.289
43.289
43.289
43.289
43.289
43.289
43.289
43.289
43.289
43.289
43.289
43.289
43.289
43.289
43.289
43.289
43.289
43.289
43.289
43.289
43.289
43.289
43.289
43.289
43.289
43.289
43.289
43.289
43.289
43.289
43.289
43.289
43.289
43.289
43.289
43.289
43.289
43.289
43.289
43.289
43.289
43.289
43.289
43.288
43.288
43.288
43.288
43.288
43.288
43.288
43.288
43.288
43.288
43.288
43.288
43.288
43.288
43.288
43.288
43.288
43.288
43.288
43.288
43.288
43.288
43.288
43.288
43.288
43.288
43.288
43.288
43.288
43.288
43.288
43.288
43.288
43.288
43.288
43.288
43.288
43.288
43.288
43.288
43.288
43.288
43.288
43.288
43.287
43.287
43.287
43.287
43.287
43.287
43.287
43.287
43.287
43.287
43.287
43.287
43.287
43.287
43.287
43.287
43.287
43.287
43.287
43.287
43.287
43.287
43.287
43.287
43.287
43.287
43.287
43.287
43.287
43.287
43.287
43.287
43.287
43.287
43.287
43.287
43.287
43.287
43.287
43.287
43.287
43.286
43.286
43.286
43.286
43.286
43.286
43.286
43.286
43.286
43.286
43.286
43.286
43.286
43.286
43.286
43.286
43.286
43.286
43.286
43.286
43.286
43.286
43.286
43.286
43.286
43.286
43.286
43.286
43.286
43.286
43.286
43.286
43.286
43.286
43.286
43.286
43.286
43.286
43.285
43.285
43.285
43.285
43.285
43.285
43.285
43.285
43.285
43.285
43.285
43.285
43.285
43.285
43.285
43.285
43.285
43.285
43.285
43.285
43.285
43.285
43.285
43.285
43.285
43.285
43.285
43.285
43.285
43.285
43.285
43.285
43.285
43.285
43.285
43.285
43.284
43.284
43.284
43.284
43.284
43.284
43.284
43.284
43.284
43.284
43.284
43.284
43.284
43.284
43.284
43.284
43.284
43.284
43.284
43.284
43.284
43.284
43.284
43.284
43.284
43.284
43.284
43.284
43.284
43.284
43.284
43.284
43.284
43.284
43.284
43.283
43.283
43.283
43.283
43.283
43.283
43.283
43.283
43.283
43.283
43.283
43.283
43.283
43.283
43.283
43.283
43.283
43.283
43.283
43.283
43.283
43.283
43.283
43.283
43.283
43.283
43.283
43.283
43.283
43.283
43.283
43.283
43.283
43.283
43.282
43.282
43.282
43.282
43.282
43.282
43.282
43.282
43.282
43.282
43.282
43.282
43.282
43.282
43.282
43.282
43.282
43.282
43.282
43.282
43.282
43.282
43.282
43.282
43.282
43.282
43.282
43.282
43.282
43.282
43.282
43.282
43.282
43.281
43.281
43.281
43.281
43.281
43.281
43.281
43.281
43.281
43.281
43.281
43.281
43.281
43.281
43.281
43.281
43.281
43.281
43.281
43.281
43.281
43.281
43.281
43.281
43.281
43.281
43.281
43.281
43.281
43.281
43.281
43.28
43.28
43.28
43.28
43.28
43.28
43.28
43.28
43.28
43.28
43.28
43.28
43.28
43.28
43.28
43.28
43.28
43.28
43.28
43.28
43.28
43.28
43.28
43.28
43.28
43.28
43.28
43.28
43.28
43.28
43.279
43.279
43.279
43.279
43.279
43.279
43.279
43.279
43.279
43.279
43.279
43.279
43.279
43.279
43.279
43.279
43.279
43.279
43.279
43.279
43.279
43.279
43.279
43.279
43.279
43.279
43.279
43.279
43.279
43.278
43.278
43.278
43.278
43.278
43.278
43.278
43.278
43.278
43.278
43.278
43.278
43.278
43.278
43.278
43.278
43.278
43.278
43.278
43.278
43.278
43.278
43.278
43.278
43.278
43.278
43.278
43.278
43.278
43.277
43.277
43.277
43.277
43.277
43.277
43.277
43.277
43.277
43.277
43.277
43.277
43.277
43.277
43.277
43.277
43.277
43.277
43.277
43.277
43.277
43.277
43.277
43.277
43.277
43.277
43.277
43.276
43.276
43.276
43.276
43.276
43.276
43.276
43.276
43.276
43.276
43.276
43.276
43.276
43.276
43.276
43.276
43.276
43.276
43.276
43.276
43.276
43.276
43.276
43.276
43.276
43.276
43.276
43.275
43.275
43.275
43.275
43.275
43.275
43.275
43.275
43.275
43.275
43.275
43.275
43.275
43.275
43.275
43.275
43.275
43.275
43.275
43.275
43.275
43.275
43.275
43.275
43.275
43.275
43.274
43.274
43.274
43.274
43.274
43.274
43.274
43.274
43.274
43.274
43.274
43.274
43.274
43.274
43.274
43.274
43.274
43.274
43.274
43.274
43.274
43.274
43.274
43.274
43.274
43.274
43.273
43.273
43.273
43.273
43.273
43.273
43.273
43.273
43.273
43.273
43.273
43.273
43.273
43.273
43.273
43.273
43.273
43.273
43.273
43.273
43.273
43.273
43.273
43.273
43.273
43.272
43.272
43.272
43.272
43.272
43.272
43.272
43.272
43.272
43.272
43.272
43.272
43.272
43.272
43.272
43.272
43.272
43.272
43.272
43.272
43.272
43.272
43.272
43.272
43.272
43.271
43.271
43.271
43.271
43.271
43.271
43.271
43.271
43.271
43.271
43.271
43.271
43.271
43.271
43.271
43.271
43.271
43.271
43.271
43.271
43.271
43.271
43.271
43.271
43.27
43.27
43.27
43.27
43.27
43.27
43.27
43.27
43.27
43.27
43.27
43.27
43.27
43.27
43.27
43.27
43.27
43.27
43.27
43.27
43.27
43.27
43.27
43.27
43.269
43.269
43.269
43.269
43.269
43.269
43.269
43.269
43.269
43.269
43.269
43.269
43.269
43.269
43.269
43.269
43.269
43.269
43.269
43.269
43.269
43.269
43.269
43.269
43.268
43.268
43.268
43.268
43.268
43.268
43.268
43.268
43.268
43.268
43.268
43.268
43.268
43.268
43.268
43.268
43.268
43.268
43.268
43.268
43.268
43.268
43.268
43.267
43.267
43.267
43.267
43.267
43.267
43.267
43.267
43.267
43.267
43.267
43.267
43.267
43.267
43.267
43.267
43.267
43.267
43.267
43.267
43.267
43.267
43.267
43.266
43.266
43.266
43.266
43.266
43.266
43.266
43.266
43.266
43.266
43.266
43.266
43.266
43.266
43.266
43.266
43.266
43.266
43.266
43.266
43.266
43.266
43.265
43.265
43.265
43.265
43.265
43.265
43.265
43.265
43.265
43.265
43.265
43.265
43.265
43.265
43.265
43.265
43.265
43.265
43.265
43.265
43.265
43.265
43.264
43.264
43.264
43.264
43.264
43.264
43.264
43.264
43.264
43.264
43.264
43.264
43.264
43.264
43.264
43.264
43.264
43.264
43.264
43.264
43.264
43.264
43.263
43.263
43.263
43.263
43.263
43.263
43.263
43.263
43.263
43.263
43.263
43.263
43.263
43.263
43.263
43.263
43.263
43.263
43.263
43.263
43.263
43.263
43.262
43.262
43.262
43.262
43.262
43.262
43.262
43.262
43.262
43.262
43.262
43.262
43.262
43.262
43.262
43.262
43.262
43.262
43.262
43.262
43.262
43.261
43.261
43.261
43.261
43.261
43.261
43.261
43.261
43.261
43.261
43.261
43.261
43.261
43.261
43.261
43.261
43.261
43.261
43.261
43.261
43.261
43.26
43.26
43.26
43.26
43.26
43.26
43.26
43.26
43.26
43.26
43.26
43.26
43.26
43.26
43.26
43.26
43.26
43.26
43.26
43.26
43.26
43.259
43.259
43.259
43.259
43.259
43.259
43.259
43.259
43.259
43.259
43.259
43.259
43.259
43.259
43.259
43.259
43.259
43.259
43.259
43.259
43.259
43.258
43.258
43.258
43.258
43.258
43.258
43.258
43.258
43.258
43.258
43.258
43.258
43.258
43.258
43.258
43.258
43.258
43.258
43.258
43.258
43.257
43.257
43.257
43.257
43.257
43.257
43.257
43.257
43.257
43.257
43.257
43.257
43.257
43.257
43.257
43.257
43.257
43.257
43.257
43.256
43.256
43.256
43.256
43.256
43.256
43.256
43.256
43.256
43.256
43.256
43.256
43.256
43.256
43.256
43.256
43.256
43.256
43.256
43.256
43.255
43.255
43.255
43.255
43.255
43.255
43.255
43.255
43.255
43.255
43.255
43.255
43.255
43.255
43.255
43.255
43.255
43.255
43.255
43.254
43.254
43.254
43.254
43.254
43.254
43.254
43.254
43.254
43.254
43.254
43.254
43.254
43.254
43.254
43.254
43.254
43.254
43.253
43.253
43.253
43.253
43.253
43.253
43.253
43.253
43.253
43.253
43.253
43.253
43.253
43.253
43.253
43.253
43.253
43.253
43.253
43.252
43.252
43.252
43.252
43.252
43.252
43.252
43.252
43.252
43.252
43.252
43.252
43.252
43.252
43.252
43.252
43.252
43.252
43.251
43.251
43.251
43.251
43.251
43.251
43.251
43.251
43.251
43.251
43.251
43.251
43.251
43.251
43.251
43.251
43.251
43.251
43.25
43.25
43.25
43.25
43.25
43.25
43.25
43.25
43.25
43.25
43.25
43.25
43.25
43.25
43.25
43.25
43.25
43.25
43.249
43.249
43.249
43.249
43.249
43.249
43.249
43.249
43.249
43.249
43.249
43.249
43.249
43.249
43.249
43.249
43.249
43.249
43.248
43.248
43.248
43.248
43.248
43.248
43.248
43.248
43.248
43.248
43.248
43.248
43.248
43.248
43.248
43.248
43.248
43.247
43.247
43.247
43.247
43.247
43.247
43.247
43.247
43.247
43.247
43.247
43.247
43.247
43.247
43.247
43.247
43.247
43.247
43.246
43.246
43.246
43.246
43.246
43.246
43.246
43.246
43.246
43.246
43.246
43.246
43.246
43.246
43.246
43.246
43.246
43.245
43.245
43.245
43.245
43.245
43.245
43.245
43.245
43.245
43.245
43.245
43.245
43.245
43.245
43.245
43.245
43.245
43.245
43.244
43.244
43.244
43.244
43.244
43.244
43.244
43.244
43.244
43.244
43.244
43.244
43.244
43.244
43.244
43.244
43.243
43.243
43.243
43.243
43.243
43.243
43.243
43.243
43.243
43.243
43.243
43.243
43.243
43.243
43.243
43.243
43.243
43.242
43.242
43.242
43.242
43.242
43.242
43.242
43.242
43.242
43.242
43.242
43.242
43.242
43.242
43.242
43.242
43.242
43.241
43.241
43.241
43.241
43.241
43.241
43.241
43.241
43.241
43.241
43.241
43.241
43.241
43.241
43.241
43.241
43.24
43.24
43.24
43.24
43.24
43.24
43.24
43.24
43.24
43.24
43.24
43.24
43.24
43.24
43.24
43.24
43.24
43.239
43.239
43.239
43.239
43.239
43.239
43.239
43.239
43.239
43.239
43.239
43.239
43.239
43.239
43.239
43.239
43.238
43.238
43.238
43.238
43.238
43.238
43.238
43.238
43.238
43.238
43.238
43.238
43.238
43.238
43.238
43.238
43.238
43.237
43.237
43.237
43.237
43.237
43.237
43.237
43.237
43.237
43.237
43.237
43.237
43.237
43.237
43.237
43.237
43.236
43.236
43.236
43.236
43.236
43.236
43.236
43.236
43.236
43.236
43.236
43.236
43.236
43.236
43.236
43.236
43.235
43.235
43.235
43.235
43.235
43.235
43.235
43.235
43.235
43.235
43.235
43.235
43.235
43.235
43.235
43.235
43.234
43.234
43.234
43.234
43.234
43.234
43.234
43.234
43.234
43.234
43.234
43.234
43.234
43.234
43.234
43.234
43.233
43.233
43.233
43.233
43.233
43.233
43.233
43.233
43.233
43.233
43.233
43.233
43.233
43.233
43.233
43.233
43.232
43.232
43.232
43.232
43.232
43.232
43.232
43.232
43.232
43.232
43.232
43.232
43.232
43.232
43.232
43.232
43.231
43.231
43.231
43.231
43.231
43.231
43.231
43.231
43.231
43.231
43.231
43.231
43.231
43.231
43.231
43.23
43.23
43.23
43.23
43.23
43.23
43.23
43.23
43.23
43.23
43.23
43.23
43.23
43.23
43.23
43.23
43.229
43.229
43.229
43.229
43.229
43.229
43.229
43.229
43.229
43.229
43.229
43.229
43.229
43.229
43.229
43.229
43.228
43.228
43.228
43.228
43.228
43.228
43.228
43.228
43.228
43.228
43.228
43.228
43.228
43.228
43.228
43.227
43.227
43.227
43.227
43.227
43.227
43.227
43.227
43.227
43.227
43.227
43.227
43.227
43.227
43.227
43.226
43.226
43.226
43.226
43.226
43.226
43.226
43.226
43.226
43.226
43.226
43.226
43.226
43.226
43.226
43.226
43.225
43.225
43.225
43.225
43.225
43.225
43.225
43.225
43.225
43.225
43.225
43.225
43.225
43.225
43.225
43.224
43.224
43.224
43.224
43.224
43.224
43.224
43.224
43.224
43.224
43.224
43.224
43.224
43.224
43.224
43.223
43.223
43.223
43.223
43.223
43.223
43.223
43.223
43.223
43.223
43.223
43.223
43.223
43.223
43.223
43.222
43.222
43.222
43.222
43.222
43.222
43.222
43.222
43.222
43.222
43.222
43.222
43.222
43.222
43.222
43.221
43.221
43.221
43.221
43.221
43.221
43.221
43.221
43.221
43.221
43.221
43.221
43.221
43.221
43.221
43.22
43.22
43.22
43.22
43.22
43.22
43.22
43.22
43.22
43.22
43.22
43.22
43.22
43.22
43.219
43.219
43.219
43.219
43.219
43.219
43.219
43.219
43.219
43.219
43.219
43.219
43.219
43.219
43.219
43.218
43.218
43.218
43.218
43.218
43.218
43.218
43.218
43.218
43.218
43.218
43.218
43.218
43.218
43.218
43.217
43.217
43.217
43.217
43.217
43.217
43.217
43.217
43.217
43.217
43.217
43.217
43.217
43.217
43.216
43.216
43.216
43.216
43.216
43.216
43.216
43.216
43.216
43.216
43.216
43.216
43.216
43.216
43.216
43.215
43.215
43.215
43.215
43.215
43.215
43.215
43.215
43.215
43.215
43.215
43.215
43.215
43.215
43.214
43.214
43.214
43.214
43.214
43.214
43.214
43.214
43.214
43.214
43.214
43.214
43.214
43.214
43.214
43.213
43.213
43.213
43.213
43.213
43.213
43.213
43.213
43.213
43.213
43.213
43.213
43.213
43.213
43.212
43.212
43.212
43.212
43.212
43.212
43.212
43.212
43.212
43.212
43.212
43.212
43.212
43.212
43.211
43.211
43.211
43.211
43.211
43.211
43.211
43.211
43.211
43.211
43.211
43.211
43.211
43.211
43.211
43.21
43.21
43.21
43.21
43.21
43.21
43.21
43.21
43.21
43.21
43.21
43.21
43.21
43.21
43.209
43.209
43.209
43.209
43.209
43.209
43.209
43.209
43.209
43.209
43.209
43.209
43.209
43.209
43.208
43.208
43.208
43.208
43.208
43.208
43.208
43.208
43.208
43.208
43.208
43.208
43.208
43.208
43.207
43.207
43.207
43.207
43.207
43.207
43.207
43.207
43.207
43.207
43.207
43.207
43.207
43.207
43.207
43.206
43.206
43.206
43.206
43.206
43.206
43.206
43.206
43.206
43.206
43.206
43.206
43.206
43.205
43.205
43.205
43.205
43.205
43.205
43.205
43.205
43.205
43.205
43.205
43.205
43.205
43.205
43.204
43.204
43.204
43.204
43.204
43.204
43.204
43.204
43.204
43.204
43.204
43.204
43.204
43.204
43.203
43.203
43.203
43.203
43.203
43.203
43.203
43.203
43.203
43.203
43.203
43.203
43.203
43.202
43.202
43.202
43.202
43.202
43.202
43.202
43.202
43.202
43.202
43.202
43.202
43.202
43.202
43.201
43.201
43.201
43.201
43.201
43.201
43.201
43.201
43.201
43.201
43.201
43.201
43.201
43.2
43.2
43.2
43.2
43.2
43.2
43.2
43.2
43.2
43.2
43.2
43.2
43.2
43.2
43.199
43.199
43.199
43.199
43.199
43.199
43.199
43.199
43.199
43.199
43.199
43.199
43.199
43.199
43.198
43.198
43.198
43.198
43.198
43.198
43.198
43.198
43.198
43.198
43.198
43.198
43.198
43.197
43.197
43.197
43.197
43.197
43.197
43.197
43.197
43.197
43.197
43.197
43.197
43.197
43.196
43.196
43.196
43.196
43.196
43.196
43.196
43.196
43.196
43.196
43.196
43.196
43.196
43.196
43.195
43.195
43.195
43.195
43.195
43.195
43.195
43.195
43.195
43.195
43.195
43.195
43.195
43.194
43.194
43.194
43.194
43.194
43.194
43.194
43.194
43.194
43.194
43.194
43.194
43.194
43.193
43.193
43.193
43.193
43.193
43.193
43.193
43.193
43.193
43.193
43.193
43.193
43.193
43.192
43.192
43.192
43.192
43.192
43.192
43.192
43.192
43.192
43.192
43.192
43.192
43.192
43.191
43.191
43.191
43.191
43.191
43.191
43.191
43.191
43.191
43.191
43.191
43.191
43.191
43.19
43.19
43.19
43.19
43.19
43.19
43.19
43.19
43.19
43.19
43.19
43.19
43.19
43.189
43.189
43.189
43.189
43.189
43.189
43.189
43.189
43.189
43.189
43.189
43.189
43.189
43.188
43.188
43.188
43.188
43.188
43.188
43.188
43.188
43.188
43.188
43.188
43.188
43.187
43.187
43.187
43.187
43.187
43.187
43.187
43.187
43.187
43.187
43.187
43.187
43.187
43.186
43.186
43.186
43.186
43.186
43.186
43.186
43.186
43.186
43.186
43.186
43.186
43.185
43.185
43.185
43.185
43.185
43.185
43.185
43.185
43.185
43.185
43.185
43.185
43.185
43.184
43.184
43.184
43.184
43.184
43.184
43.184
43.184
43.184
43.184
43.184
43.184
43.183
43.183
43.183
43.183
43.183
43.183
43.183
43.183
43.183
43.183
43.183
43.183
43.182
43.182
43.182
43.182
43.182
43.182
43.182
43.182
43.182
43.182
43.182
43.182
43.181
43.181
43.181
43.181
43.181
43.181
43.181
43.181
43.181
43.181
43.181
43.181
43.18
43.18
43.18
43.18
43.18
43.18
43.18
43.18
43.18
43.18
43.18
43.18
43.179
43.179
43.179
43.179
43.179
43.179
43.179
43.179
43.179
43.179
43.179
43.179
43.178
43.178
43.178
43.178
43.178
43.178
43.178
43.178
43.178
43.178
43.178
43.178
43.177
43.177
43.177
43.177
43.177
43.177
43.177
43.177
43.177
43.177
43.177
43.177
43.176
43.176
43.176
43.176
43.176
43.176
43.176
43.176
43.176
43.176
43.176
43.176
43.175
43.175
43.175
43.175
43.175
43.175
43.175
43.175
43.175
43.175
43.175
43.175
43.174
43.174
43.174
43.174
43.174
43.174
43.174
43.174
43.174
43.174
43.174
43.173
43.173
43.173
43.173
43.173
43.173
43.173
43.173
43.173
43.173
43.173
43.173
43.172
43.172
43.172
43.172
43.172
43.172
43.172
43.172
43.172
43.172
43.172
43.171
43.171
43.171
43.171
43.171
43.171
43.171
43.171
43.171
43.171
43.171
43.171
43.17
43.17
43.17
43.17
43.17
43.17
43.17
43.17
43.17
43.17
43.17
43.169
43.169
43.169
43.169
43.169
43.169
43.169
43.169
43.169
43.169
43.169
43.169
43.168
43.168
43.168
43.168
43.168
43.168
43.168
43.168
43.168
43.168
43.168
43.167
43.167
43.167
43.167
43.167
43.167
43.167
43.167
43.167
43.167
43.167
43.166
43.166
43.166
43.166
43.166
43.166
43.166
43.166
43.166
43.166
43.166
43.165
43.165
43.165
43.165
43.165
43.165
43.165
43.165
43.165
43.165
43.165
43.164
43.164
43.164
43.164
43.164
43.164
43.164
43.164
43.164
43.164
43.164
43.163
43.163
43.163
43.163
43.163
43.163
43.163
43.163
43.163
43.163
43.163
43.162
43.162
43.162
43.162
43.162
43.162
43.162
43.162
43.162
43.162
43.162
43.161
43.161
43.161
43.161
43.161
43.161
43.161
43.161
43.15
43.141
43.13
43.117
43.102
43.085
43.067
43.046
43.022
42.997
42.969
42.939
42.907
42.871
42.834
42.793
42.75
42.704
42.656
42.604
42.549
42.491
42.43
42.366
42.298
42.226
42.152
42.073
41.991
41.905
41.815
41.721
41.623
41.521
41.415
41.304
41.188
41.069
40.944
40.814
40.68
40.541
40.396
40.246
40.091
39.931
39.764
39.593
39.415
39.232
39.232
38.855
38.663
38.463
38.258
38.046
37.827
37.601
37.369
37.13
37.13
36.642
36.392
36.135
35.871
35.599
35.321
35.034
34.74
34.439
34.13
33.813
33.489
33.156
32.816
32.468
32.112
31.749
31.749
31.01
30.635
30.252
29.862
29.463
29.056
28.642
28.22
27.79
27.352
26.907
26.454
25.993
25.525
25.05
24.567
24.077
23.58
23.075
23.075
22.059
21.547
21.547
20.516
19.998
19.473
18.942
18.406
17.863
17.316
16.763
16.205
15.641
15.073
14.501
13.924
13.343
12.757
12.168
11.575
10.979
10.38
10.38
9.1812
8.5828
8.5828
7.3879
6.7918
6.1939
5.5943
4.9932
4.3909
3.7874
3.1831
2.5781
1.9725
1.3666
0.76057
0.15455
-0.45127
-1.0567
-1.6616
-2.2658
-2.8692
-3.4715
-4.0727
-4.6725
-5.2709
-5.8677
-6.4627
-7.0559
-7.647
-8.2361
-8.8229
-9.4073
-9.9893
-10.569
-11.145
-11.145
-12.287
-12.852
-12.852
-13.969
-14.521
-15.07
-15.615
-16.158
-16.696
-17.232
-17.763
-18.291
-18.815
-19.336
-19.853
-20.366
-20.875
-21.38
-21.881
-22.378
-22.872
-23.361
-23.847
-24.328
-24.805
-25.279
-25.748
-26.213
-26.674
-27.131
-27.584
-28.033
-28.478
-28.918
-29.355
-29.788
-30.216
-30.641
-31.061
-31.061
-31.889
-32.297
-32.297
-33.101
-33.496
-33.496
-34.275
-34.659
-34.659
-35.414
-35.785
-36.153
-36.517
-36.877
-37.234
-37.587
-37.936
-38.281
-38.623
-38.961
-39.296
-39.627
-39.955
-40.279
-40.599
-40.917
-41.23
-41.541
-41.848
-42.151
-42.452
-42.749
-43.042
-43.333
-43.62
-43.904
-44.186
-44.463
-44.738
-45.01
-45.279
-45.545
-45.807
-46.067
-46.324
-46.324
-46.83
-47.078
-47.078
-47.567
-47.807
-47.807
-48.279
-48.511
-48.511
-48.968
-49.192
-49.414
-49.634
-49.85
-50.065
-50.277
-50.486
-50.693
-50.898
-51.1
-51.3
-51.498
-51.693
-51.886
-52.077
-52.266
-52.452
-52.636
-52.818
-52.998
-53.176
-53.352
-53.526
-53.697
-53.867
-54.035
-54.2
-54.364
-54.526
-54.686
-54.844
-55
-55.154
-55.307
-55.457
-55.606
-55.753
-55.899
-56.042
-56.184
-56.325
-56.463
-56.6
-56.735
-56.869
-57.001
-57.131
-57.26
-57.388
-57.514
-57.638
-57.761
-57.882
-58.002
-58.12
-58.237
-58.353
-58.467
-58.467
-58.691
-58.801
-58.801
-59.018
-59.124
-59.124
-59.333
-59.436
-59.436
-59.638
-59.737
-59.834
-59.931
-60.027
-60.121
-60.214
-60.306
-60.397
-60.487
-60.575
-60.663
-60.749
-60.835
-60.919
-61.003
-61.085
-61.166
-61.246
-61.326
-61.404
-61.481
-61.558
-61.633
-61.708
-61.781
-61.854
-61.926
-61.996
-62.066
-62.135
-62.204
-62.271
-62.338
-62.403
-62.468
-62.532
-62.595
-62.658
-62.72
-62.78
-62.841
-62.9
-62.958
-63.016
-63.073
-63.13
-63.186
-63.241
-63.295
-63.348
-63.401
-63.453
-63.505
-63.556
-63.606
-63.656
-63.705
-63.753
-63.801
-63.848
-63.894
-63.94
-63.986
-64.03
-64.074
-64.118
-64.161
-64.203
-64.245
-64.245
-64.328
-64.368
-64.368
-64.447
-64.486
-64.486
-64.563
-64.6
-64.6
-64.674
-64.71
-64.71
-64.781
-64.816
-64.816
-64.884
-64.918
-64.918
-64.984
-65.016
-65.016
-65.08
-65.111
-65.142
-65.173
-65.203
-65.232
-65.262
-65.29
-65.319
-65.347
-65.375
-65.402
-65.429
-65.456
-65.482
-65.508
-65.534
-65.559
-65.584
-65.609
-65.633
-65.657
-65.681
-65.704
-65.727
-65.75
-65.772
-65.794
-65.816
-65.838
-65.859
-65.88
-65.901
-65.921
-65.941
-65.961
-65.98
-66
-66.019
-66.038
-66.056
-66.074
-66.093
-66.11
-66.128
-66.145
-66.162
-66.179
-66.196
-66.212
-66.228
-66.244
-66.26
-66.275
-66.291
-66.306
-66.321
-66.335
-66.35
-66.364
-66.378
-66.392
-66.406
-66.419
-66.432
-66.446
-66.458
-66.471
-66.484
-66.496
-66.496
-66.52
-66.532
-66.532
-66.556
-66.567
-66.567
-66.59
-66.601
-66.601
-66.623
-66.634
-66.634
-66.655
-66.665
-66.665
-66.686
-66.696
-66.696
-66.716
-66.725
-66.725
-66.745
-66.754
-66.754
-66.773
-66.782
-66.791
-66.8
-66.808
-66.817
-66.825
-66.834
-66.842
-66.85
-66.858
-66.866
-66.874
-66.882
-66.889
-66.897
-66.904
-66.912
-66.919
-66.926
-66.933
-66.94
-66.947
-66.953
-66.96
-66.967
-66.973
-66.979
-66.986
-66.992
-66.998
-67.004
-67.01
-67.016
-67.021
-67.027
-67.033
-67.038
-67.044
-67.049
-67.054
-67.059
-67.065
-67.07
-67.075
-67.08
-67.084
-67.089
-67.094
-67.098
-67.103
-67.108
-67.112
-67.116
-67.121
-67.125
-67.129
-67.133
-67.137
-67.141
-67.145
-67.149
-67.153
-67.157
-67.16
-67.164
-67.168
-67.171
-67.175
-67.178
-67.181
-67.185
-67.188
-67.191
-67.194
-67.197
-67.201
-67.204
-67.207
-67.209
-67.212
-67.215
-67.218
-67.221
-67.223
-67.226
-67.229
-67.231
-67.234
-67.236
-67.239
-67.241
-67.244
-67.246
-67.248
-67.25
-67.253
-67.255
-67.257
-67.259
-67.261
-67.263
-67.265
-67.267
-67.269
-67.271
-67.273
-67.275
-67.276
-67.278
-67.28
-67.282
-67.283
-67.285
-67.286
-67.288
-67.288
-67.291
-67.293
-67.294
-67.296
-67.297
-67.297
-67.3
-67.302
-67.303
-67.304
-67.306
-67.306
-67.308
-67.31
-67.311
-67.313
-67.314
-67.314
-67.316
-67.318
-67.319
-67.32
-67.322
-67.323
-67.324
-67.325
-67.326
-67.327
-67.329
-67.33
-67.331
-67.332
-67.333
-67.334
-67.335
-67.336
-67.337
-67.338
-67.338
-67.339
-67.34
-67.341
-67.342
-67.343
-67.343
-67.344
-67.345
-67.346
-67.346
-67.347
-67.348
-67.348
-67.349
-67.35
-67.35
-67.351
-67.351
-67.352
-67.352
-67.353
-67.353
-67.354
-67.354
-67.355
-67.355
-67.356
-67.356
-67.357
-67.357
-67.358
-67.358
-67.358
-67.359
-67.359
-67.36
-67.36
-67.36
-67.361
-67.362
-67.362
-67.362
-67.363
-67.363
-67.364
-67.364
-67.365
-67.365
-67.365
-67.365
-67.366
-67.367
-67.367
-67.368
-67.368
-67.368
-67.369
-67.369
-67.37
-67.37
-67.371
-67.371
-67.372
-67.372
-67.373
-67.373
-67.374
-67.374
-67.374
-67.375
-67.375
-67.376
-67.376
-67.376
-67.377
-67.378
-67.378
-67.379
-67.379
-67.38
-67.38
-67.381
-67.381
-67.381
-67.382
-67.382
-67.383
-67.383
-67.383
-67.384
-67.384
-67.384
-67.385
-67.385
-67.385
-67.386
-67.386
-67.386
-67.386
-67.387
-67.387
-67.387
-67.387
-67.387
-67.388
-67.388
-67.388
-67.388
-67.388
-67.389
-67.389
-67.389
-67.389
-67.389
-67.389
-67.389
-67.389
-67.39
-67.39
-67.39
-67.39
-67.39
-67.39
-67.39
-67.39
-67.39
-67.39
-67.391
-67.391
-67.391
-67.391
-67.391
-67.391
-67.391
-67.392
-67.392
-67.392
-67.392
-67.392
-67.392
-67.393
-67.393
-67.393
-67.393
-67.393
-67.394
-67.394
-67.394
-67.394
-67.395
-67.395
-67.395
-67.395
-67.396
-67.396
-67.396
-67.396
-67.397
-67.397
-67.397
-67.398
-67.398
-67.398
-67.399
-67.399
-67.399
-67.4
-67.4
-67.4
-67.401
-67.401
-67.401
-67.402
-67.402
-67.402
-67.402
-67.403
-67.403
-67.403
-67.403
-67.404
-67.404
-67.404
-67.404
-67.404
-67.405
-67.405
-67.405
-67.405
-67.405
-67.406
-67.406
-67.406
-67.406
-67.406
-67.406
-67.406
-67.407
-67.407
-67.407
-67.407
-67.407
-67.407
-67.407
-67.407
-67.407
-67.407
-67.407
-67.407
-67.407
-67.407
-67.407
-67.407
-67.407
-67.407
-67.407
-67.408
-67.408
-67.408
-67.408
-67.408
-67.408
-67.408
-67.408
-67.408
-67.408
-67.408
-67.408
-67.408
-67.409
-67.409
-67.409
-67.409
-67.409
-67.409
-67.409
-67.41
-67.41
-67.41
-67.41
-67.41
-67.411
-67.411
-67.411
-67.411
-67.411
-67.412
-67.412
-67.412
-67.413
-67.413
-67.413
-67.413
-67.414
-67.414
-67.414
-67.415
-67.415
-67.415
-67.416
-67.416
-67.416
-67.417
-67.417
-67.417
-67.418
-67.418
-67.418
-67.419
-67.419
-67.419
-67.419
-67.42
-67.42
-67.42
-67.42
-67.421
-67.421
-67.421
-67.421
-67.422
-67.422
-67.422
-67.422
-67.423
-67.423
-67.423
-67.423
-67.423
-67.423
-67.424
-67.424
-67.424
-67.424
-67.424
-67.424
-67.425
-67.425
-67.425
-67.425
-67.425
-67.425
-67.425
-67.425
-67.425
-67.426
-67.426
-67.426
-67.426
-67.426
-67.426
-67.427
-67.427
-67.427
-67.427
-67.427
-67.427
-67.428
-67.428
-67.428
-67.429
-67.429
-67.429
-67.429
-67.43
-67.43
-67.43
-67.431
-67.431
-67.431
-67.432
-67.432
-67.432
-67.433
-67.433
-67.433
-67.434
-67.434
-67.434
-67.435
-67.435
-67.436
-67.436
-67.437
-67.437
-67.437
-67.437
-67.438
-67.439
-67.439
-67.44
-67.44
-67.44
-67.441
-67.442
-67.442
-67.443
-67.443
-67.444
-67.444
-67.445
-67.445
-67.446
-67.446
-67.447
-67.447
-67.448
-67.448
-67.449
-67.449
-67.45
-67.45
-67.451
-67.451
-67.452
-67.452
-67.452
-67.453
-67.453
-67.454
-67.454
-67.455
-67.455
-67.455
-67.456
-67.456
-67.457
-67.457
-67.457
-67.458
-67.458
-67.458
-67.459
-67.459
-67.459
-67.46
-67.46
-67.46
-67.461
-67.461
-67.461
-67.462
-67.462
-67.462
-67.463
-67.463
-67.463
-67.464
-67.464
-67.464
-67.464
-67.465
-67.465
-67.465
-67.465
-67.466
-67.466
-67.466
-67.466
-67.467
-67.467
-67.467
-67.467
-67.468
-67.468
-67.468
-67.468
-67.468
-67.469
-67.469
-67.469
-67.469
-67.469
-67.47
-67.47
-67.47
-67.47
-67.47
-67.47
-67.471
-67.471
-67.471
-67.471
-67.471
-67.471
-67.471
-67.472
-67.472
-67.472
-67.472
-67.472
-67.472
-67.472
-67.472
-67.472
-67.473
-67.473
-67.473
-67.473
-67.473
-67.473
-67.473
-67.473
-67.473
-67.473
-67.473
-67.473
-67.473
-67.473
-67.473
-67.473
-67.473
-67.473
-67.473
-67.473
-67.473
-67.473
-67.473
-67.473
-67.473
-67.473
-67.473
-67.473
-67.473
-67.473
-67.473
-67.473
-67.473
-67.473
-67.473
-67.473
-67.473
-67.473
-67.473
-67.473
-67.473
-67.473
-67.473
-67.473
-67.472
-67.472
-67.472
-67.472
-67.472
-67.472
-67.472
-67.472
-67.472
-67.471
-67.471
-67.471
-67.471
-67.471
-67.471
-67.471
-67.47
-67.47
-67.47
-67.47
-67.47
-67.47
-67.469
-67.469
-67.469
-67.469
-67.469
-67.468
-67.468
-67.468
-67.468
-67.468
-67.467
-67.467
-67.467
-67.467
-67.466
-67.466
-67.466
-67.466
-67.465
-67.465
-67.465
-67.465
-67.464
-67.464
-67.464
-67.464
-67.463
-67.463
-67.463
-67.462
-67.462
-67.462
-67.461
-67.461
-67.461
-67.46
-67.46
-67.46
-67.459
-67.459
-67.459
-67.458
-67.458
-67.458
-67.457
-67.457
-67.457
-67.456
-67.456
-67.455
-67.455
-67.455
-67.454
-67.454
-67.453
-67.453
-67.452
-67.452
-67.452
-67.451
-67.451
-67.45
-67.45
-67.449
-67.449
-67.449
-67.448
-67.448
-67.447
-67.447
-67.446
-67.446
-67.446
-67.445
-67.445
-67.444
-67.444
-67.444
-67.443
-67.443
-67.442
-67.442
-67.442
-67.441
-67.441
-67.44
-67.44
-67.439
-67.439
-67.439
-67.438
-67.438
-67.438
-67.437
-67.437
-67.436
-67.436
-67.436
-67.435
-67.435
-67.434
-67.434
-67.434
-67.433
-67.433
-67.433
-67.433
-67.432
-67.432
-67.432
-67.431
-67.431
-67.431
-67.43
-67.43
-67.43
-67.429
-67.429
-67.429
-67.428
-67.428
-67.428
-67.428
-67.427
-67.427
-67.427
-67.426
-67.426
-67.426
-67.425
-67.425
-67.425
-67.425
-67.424
-67.424
-67.424
-67.424
-67.423
-67.423
-67.423
-67.422
-67.422
-67.422
-67.422
-67.421
-67.421
-67.421
-67.421
-67.42
-67.42
-67.42
-67.419
-67.419
-67.419
-67.419
-67.418
-67.418
-67.418
-67.418
-67.417
-67.417
-67.417
-67.417
-67.416
-67.416
-67.416
-67.416
-67.415
-67.415
-67.415
-67.415
-67.414
-67.414
-67.414
-67.414
-67.413
-67.413
-67.413
-67.413
-67.412
-67.412
-67.412
-67.412
-67.412
-67.411
-67.411
-67.411
-67.411
-67.41
-67.41
-67.41
-67.41
-67.409
-67.409
-67.409
-67.409
-67.409
-67.409
-67.408
-67.408
-67.408
-67.408
-67.408
-67.408
-67.407
-67.407
-67.407
-67.407
-67.407
-67.406
-67.406
-67.406
-67.406
-67.406
-67.406
-67.405
-67.405
-67.405
-67.405
-67.405
-67.405
-67.404
-67.404
-67.404
-67.404
-67.404
-67.404
-67.404
-67.403
-67.403
-67.403
-67.403
-67.403
-67.403
-67.402
-67.402
-67.402
-67.402
-67.402
-67.402
-67.402
-67.401
-67.401
-67.401
-67.401
-67.401
-67.401
-67.401
-67.4
-67.4
-67.4
-67.4
-67.4
-67.4
-67.399
-67.399
-67.399
-67.399
-67.399
-67.399
-67.399
-67.399
-67.398
-67.398
-67.398
-67.398
-67.398
-67.398
-67.398
-67.397
-67.397
-67.397
-67.397
-67.397
-67.397
-67.397
-67.397
-67.396
-67.396
-67.396
-67.396
-67.396
-67.396
-67.396
-67.396
-67.395
-67.395
-67.395
-67.395
-67.395
-67.395
-67.395
-67.394
-67.394
-67.394
-67.394
-67.394
-67.394
-67.394
-67.394
-67.394
-67.394
-67.394
-67.394
-67.394
-67.393
-67.393
-67.393
-67.393
-67.393
-67.393
-67.393
-67.393
-67.393
-67.393
-67.393
-67.393
-67.393
-67.392
-67.392
-67.392
-67.392
-67.392
-67.392
-67.392
-67.392
-67.392
-67.392
-67.392
-67.392
-67.392
-67.392
-67.392
-67.391
-67.391
-67.391
-67.391
-67.391
-67.391
-67.391
-67.391
-67.391
-67.391
-67.391
-67.391
-67.391
-67.391
-67.391
-67.39
-67.39
-67.39
-67.39
-67.39
-67.39
-67.39
-67.39
-67.39
-67.39
-67.39
-67.39
-67.39
-67.39
-67.39
-67.39
-67.389
-67.389
-67.389
-67.389
-67.389
-67.389
-67.389
-67.389
-67.389
-67.389
-67.389
-67.389
-67.389
-67.389
-67.389
-67.389
-67.389
-67.388
-67.388
-67.388
-67.388
-67.388
-67.388
-67.388
-67.388
-67.388
-67.388
-67.388
-67.388
-67.388
-67.388
-67.388
-67.388
-67.388
-67.388
-67.388
-67.388
-67.388
-67.388
-67.388
-67.388
-67.388
-67.388
-67.388
-67.388
-67.388
-67.388
-67.388
-67.388
-67.388
-67.388
-67.388
-67.388
-67.388
-67.388
-67.388
-67.388
-67.388
-67.388
-67.388
-67.388
-67.388
-67.388
-67.388
-67.388
-67.388
-67.388
-67.388
-67.388
-67.388
-67.388
-67.388
-67.388
-67.388
-67.388
-67.388
-67.388
-67.388
-67.388
-67.388
-67.388
-67.388
-67.388
-67.388
-67.388
-67.388
-67.388
-67.388
-67.388
-67.388
-67.388
-67.388
-67.388
-67.388
-67.388
-67.388
-67.388
-67.388
-67.388
-67.388
-67.388
-67.388
-67.388
-67.388
-67.388
-67.388
-67.388
-67.388
-67.388
-67.388
-67.388
-67.388
-67.388
-67.388
-67.389
-67.389
-67.389
-67.389
-67.389
-67.389
-67.389
-67.389
-67.389
-67.389
-67.389
-67.389
-67.389
-67.389
-67.389
-67.389
-67.389
-67.389
-67.39
-67.39
-67.39
-67.39
-67.39
-67.39
-67.39
-67.39
-67.39
-67.39
-67.39
-67.39
-67.39
-67.39
-67.39
-67.39
-67.39
-67.391
-67.391
-67.391
-67.391
-67.391
-67.391
-67.391
-67.391
-67.391
-67.391
-67.391
-67.391
-67.391
-67.391
-67.391
-67.391
-67.392
-67.392
-67.392
-67.392
-67.392
-67.392
-67.392
-67.392
-67.392
-67.392
-67.392
-67.392
-67.392
-67.392
-67.392
-67.392
-67.393
-67.393
-67.393
-67.393
-67.393
-67.393
-67.393
-67.393
-67.393
-67.393
-67.393
-67.393
-67.393
-67.393
-67.394
-67.394
-67.394
-67.394
-67.394
-67.394
-67.394
-67.394
-67.394
-67.394
-67.394
-67.394
-67.394
-67.395
-67.395
-67.395
-67.395
-67.395
-67.395
-67.395
-67.395
-67.396
-67.396
-67.396
-67.396
-67.396
-67.396
-67.396
-67.396
-67.397
-67.397
-67.397
-67.397
-67.397
-67.397
-67.397
-67.398
-67.398
-67.398
-67.398
-67.398
-67.398
-67.398
-67.398
-67.399
-67.399
-67.399
-67.399
-67.399
-67.399
-67.399
-67.399
-67.399
-67.4
-67.4
-67.4
-67.4
-67.4
-67.401
-67.401
-67.401
-67.401
-67.401
-67.401
-67.401
-67.401
-67.402
-67.402
-67.402
-67.402
-67.402
-67.402
-67.403
-67.403
-67.403
-67.403
-67.403
-67.403
-67.403
-67.404
-67.404
-67.404
-67.404
-67.404
-67.404
-67.405
-67.405
-67.405
-67.405
-67.405
-67.405
-67.406
-67.406
-67.406
-67.406
-67.406
-67.406
-67.407
-67.407
-67.407
-67.407
-67.407
-67.407
-67.408
-67.408
-67.408
-67.408
-67.408
-67.409
-67.409
-67.409
-67.409
-67.41
-67.41
-67.41
-67.41
-67.41
-67.41
-67.411
-67.411
-67.411
-67.412
-67.412
-67.412
-67.412
-67.413
-67.413
-67.413
-67.413
-67.413
-67.414
-67.414
-67.414
-67.414
-67.415
-67.415
-67.415
-67.415
-67.416
-67.416
-67.416
-67.416
-67.417
-67.417
-67.417
-67.417
-67.418
-67.418
-67.418
-67.418
-67.419
-67.419
-67.419
-67.419
-67.42
-67.42
-67.42
-67.421
-67.421
-67.421
-67.421
-67.422
-67.422
-67.422
-67.422
-67.422
-67.423
-67.423
-67.423
-67.424
-67.424
-67.424
-67.425
-67.425
-67.425
-67.425
-67.426
-67.426
-67.426
-67.427
-67.427
-67.427
-67.427
-67.428
-67.428
-67.428
-67.429
-67.429
-67.429
-67.429
-67.43
-67.43
-67.43
-67.431
-67.431
-67.432
-67.432
-67.432
-67.433
-67.433
-67.433
-67.434
-67.434
-67.434
-67.435
-67.435
-67.435
-67.436
-67.436
-67.437
-67.437
-67.437
-67.438
-67.438
-67.439
-67.439
-67.439
-67.44
-67.44
-67.441
-67.441
-67.441
-67.442
-67.442
-67.443
-67.443
-67.443
-67.444
-67.444
-67.445
-67.445
-67.445
-67.446
-67.446
-67.447
-67.447
-67.448
-67.448
-67.448
-67.449
-67.449
-67.45
-67.45
-67.45
-67.451
-67.451
-67.452
-67.452
-67.453
-67.453
-67.454
-67.454
-67.454
-67.455
-67.455
-67.456
-67.456
-67.457
-67.457
-67.458
-67.458
-67.459
-67.459
-67.46
-67.46
-67.461
-67.461
-67.461
-67.462
-67.463
-67.463
-67.464
-67.464
-67.465
-67.465
-67.465
-67.466
-67.466
-67.466
-67.467
-67.468
-67.469
-67.469
-67.469
-67.47
-67.471
-67.471
-67.472
-67.473
-67.473
-67.473
-67.474
-67.475
-67.476
-67.476
-67.476
-67.478
-67.478
-67.479
-67.48
-67.481
-67.481
-67.482
-67.483
-67.483
-67.484
-67.485
-67.485
-67.486
-67.487
-67.487
-67.488
-67.489
-67.489
-67.49
-67.491
-67.491
-67.492
-67.492
-67.493
-67.494
-67.494
-67.495
-67.496
-67.496
-67.497
-67.497
-67.498
-67.499
-67.499
-67.5
-67.5
-67.501
-67.502
-67.502
-67.503
-67.503
-67.504
-67.504
-67.505
-67.506
-67.506
-67.507
-67.507
-67.508
-67.508
-67.509
-67.509
-67.51
-67.51
-67.511
-67.512
-67.512
-67.513
-67.513
-67.514
-67.514
-67.515
-67.515
-67.516
-67.516
-67.517
-67.517
-67.518
-67.518
-67.519
-67.519
-67.52
-67.52
-67.521
-67.521
-67.522
-67.522
-67.522
-67.523
-67.523
-67.524
-67.524
-67.525
-67.525
-67.526
-67.526
-67.527
-67.527
-67.527
-67.528
-67.528
-67.529
-67.529
-67.53
-67.53
-67.53
-67.531
-67.531
-67.532
-67.532
-67.532
-67.533
-67.533
-67.534
-67.534
-67.535
-67.535
-67.535
-67.536
-67.536
-67.536
-67.537
-67.537
-67.538
-67.538
-67.538
-67.539
-67.539
-67.54
-67.54
-67.54
-67.541
-67.541
-67.541
-67.542
-67.542
-67.542
-67.543
-67.543
-67.543
-67.544
-67.544
-67.544
-67.545
-67.545
-67.546
-67.546
-67.546
-67.547
-67.547
-67.547
-67.547
-67.548
-67.548
-67.548
-67.549
-67.549
-67.549
-67.55
-67.55
-67.55
-67.551
-67.551
-67.551
-67.552
-67.552
-67.552
-67.552
-67.553
-67.553
-67.553
-67.554
-67.554
-67.554
-67.554
-67.555
-67.555
-67.555
-67.556
-67.556
-67.556
-67.556
-67.557
-67.557
-67.557
-67.557
-67.558
-67.558
-67.558
-67.559
-67.559
-67.559
-67.559
-67.56
-67.56
-67.56
-67.56
-67.561
-67.561
-67.561
-67.561
-67.562
-67.562
-67.562
-67.562
-67.563
-67.563
-67.563
-67.563
-67.563
-67.564
-67.564
-67.564
-67.564
-67.565
-67.565
-67.565
-67.565
-67.565
-67.566
-67.566
-67.566
-67.566
-67.567
-67.567
-67.567
-67.567
-67.567
-67.568
-67.568
-67.568
-67.568
-67.568
-67.569
-67.569
-67.569
-67.569
-67.569
-67.57
-67.57
-67.57
-67.57
-67.57
-67.571
-67.571
-67.571
-67.571
-67.571
-67.571
-67.572
-67.572
-67.572
-67.572
-67.572
-67.572
-67.573
-67.573
-67.573
-67.573
-67.573
-67.574
-67.574
-67.574
-67.574
-67.574
-67.574
-67.574
-67.575
-67.575
-67.575
-67.575
-67.575
-67.575
-67.576
-67.576
-67.576
-67.576
-67.576
-67.576
-67.576
-67.577
-67.577
-67.577
-67.577
-67.577
-67.577
-67.577
-67.578
-67.578
-67.578
-67.578
-67.578
-67.578
-67.578
-67.579
-67.579
-67.579
-67.579
-67.579
-67.579
-67.579
-67.579
-67.58
-67.58
-67.58
-67.58
-67.58
-67.58
-67.58
-67.58
-67.581
-67.581
-67.581
-67.581
-67.581
-67.581
-67.581
-67.581
-67.581
-67.582
-67.582
-67.582
-67.582
-67.582
-67.582
-67.582
-67.582
-67.582
-67.582
-67.583
-67.583
-67.583
-67.583
-67.583
-67.583
-67.583
-67.583
-67.583
-67.583
-67.584
-67.584
-67.584
-67.584
-67.584
-67.584
-67.584
-67.584
-67.584
-67.584
-67.584
-67.584
-67.585
-67.585
-67.585
-67.585
-67.585
-67.585
-67.585
-67.585
-67.585
-67.585
-67.585
-67.585
-67.585
-67.586
-67.586
-67.586
-67.586
-67.586
-67.586
-67.586
-67.586
-67.586
-67.586
-67.586
-67.586
-67.586
-67.586
-67.586
-67.587
-67.587
-67.587
-67.587
-67.587
-67.587
-67.587
-67.587
-67.587
-67.587
-67.587
-67.587
-67.587
-67.587
-67.587
-67.587
-67.587
-67.587
-67.588
-67.588
-67.588
-67.588
-67.588
-67.588
-67.588
-67.588
-67.588
-67.588
-67.588
-67.588
-67.588
-67.588
-67.588
-67.588
-67.588
-67.588
-67.588
-67.588
-67.588
-67.588
-67.588
-67.588
-67.588
-67.588
-67.589
-67.589
-67.589
-67.589
-67.589
-67.589
-67.589
-67.589
-67.589
-67.589
-67.589
-67.589
-67.589
-67.589
-67.589
-67.589
-67.589
-67.589
-67.589
-67.589
-67.589
-67.589
-67.589
-67.589
-67.589
-67.589
-67.589
-67.589
-67.589
-67.589
-67.589
-67.589
-67.589
-67.589
-67.589
-67.589
-67.589
-67.589
-67.589
-67.589
-67.589
-67.589
-67.589
-67.589
-67.589
