-76.371
-76.371
-76.371
-76.372
-76.372
-76.372
-76.372
-76.372
-76.372
-76.372
-76.372
-76.372
-76.372
-76.372
-76.372
-76.372
-76.372
-76.372
-76.373
-76.373
-76.373
-76.373
-76.373
-76.373
-76.373
-76.373
-76.373
-76.373
-76.373
-76.373
-76.373
-76.373
-76.373
-76.373
-76.373
-76.373
-76.373
-76.373
-76.373
-76.373
-76.373
-76.373
-76.373
-76.373
-76.373
-76.373
-76.373
-76.373
-76.373
-76.373
-76.373
-76.373
-76.373
-76.373
-76.373
-76.374
-76.374
-76.374
-76.374
-76.374
-76.374
-76.374
-76.374
-76.374
-76.374
-76.375
-76.375
-76.375
-76.375
-76.375
-76.375
-76.375
-76.375
-76.376
-76.376
-76.376
-76.376
-76.376
-76.376
-76.376
-76.376
-76.377
-76.377
-76.377
-76.377
-76.377
-76.377
-76.378
-76.378
-76.378
-76.378
-76.378
-76.378
-76.379
-76.379
-76.379
-76.379
-76.379
-76.379
-76.379
-76.38
-76.38
-76.38
-76.38
-76.381
-76.381
-76.381
-76.381
-76.382
-76.382
-76.382
-76.383
-76.383
-76.383
-76.383
-76.384
-76.384
-76.384
-76.384
-76.384
-76.385
-76.385
-76.385
-76.385
-76.385
-76.386
-76.387
-76.387
-76.387
-76.388
-76.388
-76.388
-76.389
-76.389
-76.389
-76.39
-76.39
-76.39
-76.391
-76.391
-76.391
-76.392
-76.392
-76.392
-76.393
-76.393
-76.393
-76.393
-76.394
-76.394
-76.394
-76.395
-76.395
-76.395
-76.395
-76.396
-76.396
-76.396
-76.396
-76.397
-76.397
-76.397
-76.398
-76.398
-76.398
-76.399
-76.399
-76.4
-76.4
-76.4
-76.401
-76.401
-76.401
-76.402
-76.402
-76.402
-76.403
-76.403
-76.403
-76.404
-76.404
-76.404
-76.405
-76.405
-76.405
-76.405
-76.406
-76.406
-76.406
-76.406
-76.407
-76.407
-76.407
-76.407
-76.407
-76.408
-76.408
-76.408
-76.408
-76.409
-76.409
-76.409
-76.41
-76.41
-76.41
-76.411
-76.411
-76.412
-76.412
-76.413
-76.413
-76.414
-76.414
-76.415
-76.415
-76.416
-76.416
-76.417
-76.417
-76.418
-76.418
-76.418
-76.419
-76.419
-76.42
-76.42
-76.421
-76.421
-76.421
-76.422
-76.422
-76.422
-76.423
-76.423
-76.424
-76.424
-76.424
-76.425
-76.425
-76.425
-76.426
-76.426
-76.426
-76.426
-76.427
-76.427
-76.427
-76.428
-76.428
-76.428
-76.429
-76.43
-76.43
-76.431
-76.432
-76.432
-76.433
-76.433
-76.434
-76.435
-76.435
-76.436
-76.436
-76.437
-76.437
-76.438
-76.438
-76.439
-76.44
-76.44
-76.441
-76.441
-76.442
-76.442
-76.442
-76.443
-76.443
-76.444
-76.444
-76.445
-76.445
-76.446
-76.446
-76.446
-76.447
-76.447
-76.448
-76.448
-76.448
-76.449
-76.449
-76.45
-76.45
-76.45
-76.451
-76.451
-76.451
-76.452
-76.452
-76.452
-76.453
-76.453
-76.453
-76.454
-76.454
-76.454
-76.454
-76.455
-76.455
-76.455
-76.455
-76.456
-76.456
-76.456
-76.456
-76.456
-76.457
-76.458
-76.458
-76.458
-76.459
-76.459
-76.46
-76.46
-76.461
-76.462
-76.462
-76.463
-76.463
-76.464
-76.464
-76.465
-76.465
-76.466
-76.466
-76.467
-76.467
-76.467
-76.468
-76.468
-76.469
-76.469
-76.47
-76.47
-76.47
-76.471
-76.471
-76.472
-76.472
-76.472
-76.473
-76.473
-76.473
-76.474
-76.474
-76.474
-76.475
-76.475
-76.475
-76.476
-76.476
-76.476
-76.476
-76.477
-76.477
-76.477
-76.477
-76.478
-76.478
-76.478
-76.478
-76.479
-76.479
-76.479
-76.479
-76.479
-76.479
-76.48
-76.48
-76.48
-76.48
-76.48
-76.48
-76.48
-76.481
-76.481
-76.481
-76.481
-76.481
-76.481
-76.481
-76.481
-76.481
-76.481
-76.481
-76.481
-76.482
-76.482
-76.482
-76.482
-76.483
-76.483
-76.483
-76.484
-76.484
-76.484
-76.485
-76.485
-76.486
-76.486
-76.486
-76.487
-76.488
-76.488
-76.489
-76.49
-76.49
-76.491
-76.492
-76.492
-76.493
-76.493
-76.494
-76.495
-76.495
-76.496
-76.496
-76.497
-76.497
-76.498
-76.498
-76.499
-76.499
-76.5
-76.5
-76.501
-76.501
-76.502
-76.502
-76.503
-76.503
-76.503
-76.504
-76.504
-76.505
-76.505
-76.505
-76.506
-76.506
-76.507
-76.507
-76.507
-76.508
-76.508
-76.508
-76.508
-76.509
-76.509
-76.509
-76.51
-76.51
-76.51
-76.51
-76.511
-76.511
-76.511
-76.511
-76.512
-76.512
-76.512
-76.512
-76.512
-76.512
-76.513
-76.513
-76.513
-76.513
-76.513
-76.513
-76.513
-76.513
-76.513
-76.514
-76.514
-76.514
-76.514
-76.514
-76.514
-76.514
-76.514
-76.514
-76.515
-76.515
-76.515
-76.516
-76.516
-76.516
-76.517
-76.517
-76.517
-76.518
-76.519
-76.519
-76.52
-76.521
-76.521
-76.522
-76.522
-76.522
-76.524
-76.525
-76.525
-76.526
-76.527
-76.527
-76.528
-76.529
-76.529
-76.53
-76.531
-76.531
-76.532
-76.533
-76.533
-76.534
-76.534
-76.535
-76.535
-76.536
-76.537
-76.537
-76.538
-76.538
-76.539
-76.539
-76.54
-76.54
-76.541
-76.541
-76.542
-76.542
-76.543
-76.543
-76.544
-76.544
-76.545
-76.545
-76.545
-76.546
-76.546
-76.547
-76.547
-76.547
-76.548
-76.548
-76.548
-76.549
-76.549
-76.55
-76.55
-76.55
-76.551
-76.551
-76.551
-76.551
-76.552
-76.552
-76.552
-76.553
-76.553
-76.553
-76.553
-76.554
-76.554
-76.554
-76.554
-76.554
-76.555
-76.555
-76.555
-76.555
-76.555
-76.556
-76.556
-76.556
-76.556
-76.556
-76.556
-76.556
-76.556
-76.557
-76.557
-76.557
-76.557
-76.557
-76.557
-76.557
-76.557
-76.557
-76.557
-76.557
-76.557
-76.557
-76.557
-76.557
-76.557
-76.557
-76.557
-76.557
-76.557
-76.557
-76.557
-76.557
-76.557
-76.557
-76.556
-76.556
-76.556
-76.556
-76.556
-76.556
-76.556
-76.555
-76.555
-76.555
-76.555
-76.555
-76.555
-76.554
-76.554
-76.554
-76.554
-76.554
-76.554
-76.554
-76.554
-76.554
-76.554
-76.553
-76.553
-76.553
-76.553
-76.553
-76.553
-76.553
-76.553
-76.553
-76.553
-76.553
-76.553
-76.553
-76.553
-76.553
-76.553
-76.552
-76.552
-76.552
-76.552
-76.552
-76.552
-76.552
-76.551
-76.551
-76.551
-76.551
-76.55
-76.55
-76.55
-76.55
-76.549
-76.549
-76.549
-76.548
-76.548
-76.548
-76.547
-76.547
-76.546
-76.546
-76.546
-76.545
-76.545
-76.544
-76.544
-76.543
-76.543
-76.542
-76.541
-76.541
-76.54
-76.54
-76.539
-76.539
-76.538
-76.537
-76.537
-76.537
-76.536
-76.535
-76.535
-76.534
-76.533
-76.533
-76.532
-76.532
-76.531
-76.531
-76.53
-76.53
-76.529
-76.529
-76.528
-76.527
-76.527
-76.527
-76.526
-76.525
-76.525
-76.524
-76.524
-76.524
-76.523
-76.522
-76.521
-76.521
-76.52
-76.52
-76.519
-76.519
-76.518
-76.518
-76.517
-76.517
-76.516
-76.515
-76.515
-76.514
-76.514
-76.514
-76.512
-76.512
-76.511
-76.511
-76.51
-76.509
-76.509
-76.508
-76.507
-76.507
-76.506
-76.505
-76.504
-76.503
-76.503
-76.502
-76.501
-76.5
-76.499
-76.498
-76.497
-76.496
-76.495
-76.493
-76.492
-76.491
-76.49
-76.489
-76.487
-76.486
-76.485
-76.483
-76.482
-76.481
-76.479
-76.478
-76.476
-76.475
-76.473
-76.472
-76.47
-76.468
-76.467
-76.465
-76.463
-76.461
-76.461
-76.458
-76.456
-76.454
-76.452
-76.45
-76.45
-76.447
-76.445
-76.443
-76.441
-76.439
-76.439
-76.435
-76.433
-76.431
-76.43
-76.427
-76.427
-76.423
-76.421
-76.419
-76.417
-76.415
-76.415
-76.411
-76.409
-76.407
-76.404
-76.402
-76.402
-76.398
-76.396
-76.393
-76.391
-76.389
-76.389
-76.384
-76.382
-76.379
-76.377
-76.374
-76.374
-76.369
-76.367
-76.364
-76.362
-76.359
-76.356
-76.354
-76.351
-76.348
-76.345
-76.342
-76.339
-76.336
-76.333
-76.33
-76.326
-76.323
-76.32
-76.316
-76.313
-76.309
-76.306
-76.302
-76.298
-76.294
-76.29
-76.286
-76.282
-76.278
-76.274
-76.27
-76.265
-76.261
-76.257
-76.252
-76.247
-76.243
-76.238
-76.233
-76.228
-76.223
-76.218
-76.213
-76.208
-76.202
-76.197
-76.191
-76.186
-76.18
-76.174
-76.169
-76.163
-76.163
-76.151
-76.145
-76.139
-76.133
-76.126
-76.126
-76.114
-76.107
-76.101
-76.094
-76.088
-76.088
-76.075
-76.068
-76.061
-76.054
-76.047
-76.047
-76.033
-76.026
-76.019
-76.011
-76.004
-76.004
-75.989
-75.982
-75.974
-75.966
-75.958
-75.958
-75.943
-75.935
-75.926
-75.918
-75.91
-75.91
-75.893
-75.885
-75.876
-75.867
-75.858
-75.858
-75.84
-75.831
-75.822
-75.813
-75.803
-75.794
-75.784
-75.774
-75.764
-75.754
-75.743
-75.732
-75.722
-75.711
-75.7
-75.688
-75.677
-75.665
-75.653
-75.641
-75.629
-75.617
-75.604
-75.591
-75.578
-75.565
-75.552
-75.538
-75.524
-75.51
-75.496
-75.481
-75.467
-75.452
-75.437
-75.422
-75.406
-75.39
-75.374
-75.358
-75.342
-75.325
-75.308
-75.291
-75.273
-75.256
-75.256
-75.22
-75.202
-75.184
-75.165
-75.147
-75.147
-75.109
-75.09
-75.071
-75.051
-75.031
-75.031
-74.991
-74.971
-74.951
-74.93
-74.909
-74.909
-74.867
-74.845
-74.824
-74.802
-74.779
-74.779
-74.735
-74.712
-74.689
-74.666
-74.642
-74.642
-74.594
-74.57
-74.546
-74.521
-74.496
-74.496
-74.445
-74.42
-74.394
-74.367
-74.341
-74.341
-74.287
-74.26
-74.233
-74.205
-74.176
-74.176
-74.119
-74.091
-74.062
-74.032
-74.002
-73.972
-73.941
-73.909
-73.878
-73.845
-73.813
-73.78
-73.746
-73.712
-73.678
-73.643
-73.607
-73.571
-73.535
-73.498
-73.461
-73.423
-73.384
-73.346
-73.306
-73.266
-73.226
-73.185
-73.144
-73.102
-73.059
-73.016
-72.973
-72.929
-72.884
-72.839
-72.793
-72.747
-72.7
-72.652
-72.604
-72.556
-72.507
-72.457
-72.407
-72.356
-72.305
-72.252
-72.2
-72.147
-72.093
-72.038
-71.983
-71.928
-71.871
-71.814
-71.757
-71.699
-71.64
-71.58
-71.52
-71.46
-71.398
-71.336
-71.274
-71.211
-71.147
-71.082
-71.017
-70.951
-70.884
-70.817
-70.749
-70.681
-70.612
-70.542
-70.471
-70.4
-70.328
-70.256
-70.182
-70.108
-70.034
-69.959
-69.883
-69.806
-69.729
-69.651
-69.572
-69.493
-69.412
-69.332
-69.25
-69.168
-69.085
-69.002
-68.918
-68.833
-68.747
-68.661
-68.574
-68.487
-68.399
-68.31
-68.22
-68.13
-68.039
-67.947
-67.855
-67.762
-67.669
-67.575
-67.48
-67.384
-67.288
-67.191
-67.094
-66.996
-66.897
-66.798
-66.698
-66.597
-66.496
-66.394
-66.292
-66.189
-66.085
-65.981
-65.876
-65.771
-65.665
-65.558
-65.451
-65.343
-65.235
-65.126
-65.017
-64.907
-64.797
-64.686
-64.574
-64.462
-64.35
-64.237
-64.123
-64.009
-63.895
-63.78
-63.665
-63.549
-63.432
-63.316
-63.199
-63.081
-62.963
-62.844
-62.726
-62.606
-62.487
-62.367
-62.246
-62.125
-62.004
-61.883
-61.761
-61.639
-61.516
-61.393
-61.27
-61.146
-61.023
-60.899
-60.774
-60.65
-60.525
-60.4
-60.274
-60.149
-60.023
-59.897
-59.77
-59.644
-59.517
-59.39
-59.263
-59.136
-59.008
-58.881
-58.753
-58.625
-58.497
-58.369
-58.24
-58.112
-57.983
-57.855
-57.726
-57.597
-57.468
-57.339
-57.21
-57.081
-56.952
-56.823
-56.693
-56.564
-56.435
-56.306
-56.176
-56.047
-55.918
-55.788
-55.659
-55.53
-55.4
-55.271
-55.142
-55.013
-54.884
-54.755
-54.626
-54.497
-54.368
-54.239
-54.11
-53.982
-53.853
-53.725
-53.596
-53.468
-53.34
-53.212
-53.084
-53.084
-52.83
-52.703
-52.577
-52.451
-52.325
-52.199
-52.073
-51.947
-51.822
-51.696
-51.571
-51.571
-51.322
-51.199
-51.075
-50.952
-50.829
-50.706
-50.583
-50.46
-50.338
-50.215
-50.093
-50.093
-49.851
-49.73
-49.61
-49.49
-49.37
-49.25
-49.13
-49.011
-48.892
-48.773
-48.654
-48.654
-48.418
-48.301
-48.184
-48.067
-48.067
-47.835
-47.72
-47.605
-47.49
-47.375
-47.261
-47.146
-47.032
-46.919
-46.805
-46.692
-46.692
-46.467
-46.355
-46.243
-46.132
-46.02
-45.909
-45.799
-45.688
-45.578
-45.468
-45.358
-45.358
-45.14
-45.031
-44.923
-44.815
-44.707
-44.599
-44.492
-44.385
-44.278
-44.171
-44.065
-44.065
-43.853
-43.748
-43.643
-43.538
-43.434
-43.329
-43.225
-43.121
-43.018
-42.914
-42.811
-42.811
-42.606
-42.504
-42.402
-42.3
-42.199
-42.098
-41.997
-41.896
-41.795
-41.695
-41.594
-41.594
-41.395
-41.296
-41.197
-41.098
-41
-40.902
-40.803
-40.705
-40.608
-40.51
-40.412
-40.412
-40.219
-40.122
-40.026
-39.93
-39.834
-39.739
-39.643
-39.548
-39.453
-39.358
-39.263
-39.263
-39.074
-38.98
-38.886
-38.793
-38.793
-38.607
-38.514
-38.422
-38.33
-38.238
-38.146
-38.054
-37.962
-37.871
-37.779
-37.688
-37.688
-37.506
-37.416
-37.326
-37.236
-37.146
-37.056
-36.966
-36.876
-36.787
-36.697
-36.608
-36.608
-36.43
-36.342
-36.254
-36.166
-36.077
-35.989
-35.902
-35.814
-35.726
-35.638
-35.551
-35.551
-35.377
-35.29
-35.203
-35.117
-35.03
-34.944
-34.858
-34.772
-34.685
-34.599
-34.513
-34.513
-34.342
-34.257
-34.172
-34.087
-34.002
-33.917
-33.832
-33.747
-33.663
-33.578
-33.493
-33.493
-33.325
-33.241
-33.157
-33.073
-32.989
-32.906
-32.822
-32.739
-32.655
-32.571
-32.488
-32.488
-32.322
-32.239
-32.156
-32.074
-31.991
-31.908
-31.826
-31.743
-31.661
-31.578
-31.496
-31.496
-31.331
-31.249
-31.168
-31.086
-31.004
-30.922
-30.841
-30.759
-30.677
-30.596
-30.514
-30.514
-30.351
-30.27
-30.189
-30.108
-30.108
-29.947
-29.866
-29.786
-29.706
-29.625
-29.545
-29.465
-29.384
-29.304
-29.223
-29.143
-29.143
-28.983
-28.903
-28.823
-28.744
-28.664
-28.584
-28.504
-28.424
-28.344
-28.264
-28.185
-28.185
-28.025
-27.946
-27.867
-27.787
-27.708
-27.629
-27.549
-27.47
-27.39
-27.311
-27.231
-27.231
-27.073
-26.994
-26.915
-26.836
-26.757
-26.678
-26.599
-26.52
-26.44
-26.361
-26.282
-26.282
-26.124
-26.045
-25.967
-25.888
-25.809
-25.73
-25.651
-25.572
-25.494
-25.415
-25.335
-25.335
-25.178
-25.099
-25.021
-24.942
-24.864
-24.785
-24.706
-24.627
-24.548
-24.47
-24.391
-24.391
-24.233
-24.155
-24.076
-23.998
-23.919
-23.84
-23.762
-23.683
-23.604
-23.525
-23.446
-23.446
-23.289
-23.211
-23.132
-23.054
-23.054
-22.897
-22.819
-22.741
-22.662
-22.584
-22.506
-22.427
-22.349
-22.271
-22.192
-22.113
-22.113
-21.957
-21.878
-21.8
-21.722
-21.643
-21.565
-21.487
-21.408
-21.329
-21.251
-21.172
-21.172
-21.015
-20.937
-20.858
-20.78
-20.701
-20.623
-20.544
-20.465
-20.386
-20.308
-20.229
-20.229
-20.071
-19.993
-19.914
-19.836
-19.757
-19.678
-19.599
-19.52
-19.441
-19.362
-19.283
-19.283
-19.125
-19.047
-18.968
-18.889
-18.81
-18.731
-18.652
-18.573
-18.493
-18.414
-18.335
-18.335
-18.176
-18.097
-18.018
-17.939
-17.86
-17.781
-17.701
-17.622
-17.542
-17.463
-17.383
-17.383
-17.224
-17.145
-17.065
-16.986
-16.906
-16.827
-16.747
-16.667
-16.587
-16.507
-16.427
-16.427
-16.268
-16.188
-16.108
-16.028
-16.028
-15.869
-15.79
-15.71
-15.631
-15.551
-15.471
-15.391
-15.311
-15.231
-15.151
-15.071
-15.071
-14.911
-14.831
-14.751
-14.671
-14.591
-14.511
-14.431
-14.351
-14.27
-14.19
-14.109
-14.109
-13.949
-13.868
-13.788
-13.708
-13.627
-13.547
-13.466
-13.385
-13.304
-13.224
-13.143
-13.143
-12.981
-12.9
-12.82
-12.739
-12.658
-12.577
-12.496
-12.415
-12.334
-12.252
-12.171
-12.171
-12.008
-11.927
-11.846
-11.765
-11.684
-11.602
-11.521
-11.439
-11.357
-11.276
-11.194
-11.194
-11.03
-10.949
-10.867
-10.786
-10.704
-10.622
-10.54
-10.458
-10.376
-10.294
-10.211
-10.211
-10.047
-9.9649
-9.8828
-9.8006
-9.7184
-9.636
-9.5536
-9.4711
-9.3884
-9.3057
-9.2229
-9.2229
-9.0576
-8.9751
-8.8926
-8.8099
-8.7272
-8.6443
-8.5614
-8.4784
-8.3953
-8.312
-8.2287
-8.2287
-8.0625
-7.9795
-7.8964
-7.8133
-7.8133
-7.6473
-7.5645
-7.4816
-7.3986
-7.3155
-7.2323
-7.149
-7.0656
-6.9821
-6.8985
-6.8149
-6.8149
-6.6479
-6.5646
-6.4811
-6.3976
-6.314
-6.2303
-6.1465
-6.0626
-5.9786
-5.8946
-5.8104
-5.8104
-5.6424
-5.5585
-5.4746
-5.3906
-5.3064
-5.2222
-5.1379
-5.0535
-4.969
-4.8844
-4.7997
-4.7997
-4.6307
-4.5463
-4.4619
-4.3773
-4.2927
-4.2079
-4.1231
-4.0382
-3.9532
-3.868
-3.7828
-3.7828
-3.6127
-3.5279
-3.4429
-3.3578
-3.2727
-3.1874
-3.1021
-3.0166
-2.9311
-2.8454
-2.7597
-2.7597
-2.5886
-2.5032
-2.4177
-2.3321
-2.2464
-2.1606
-2.0748
-1.9888
-1.9027
-1.8166
-1.7303
-1.7303
-1.5582
-1.4722
-1.3862
-1.3001
-1.2139
-1.1276
-1.0412
-0.95474
-0.86817
-0.7815
-0.69473
-0.69473
-0.52153
-0.4351
-0.34857
-0.26195
-0.26195
-0.089031
-0.002736
0.083651
0.17013
0.2567
0.34336
0.43012
0.51697
0.60391
0.69094
0.77806
0.77806
0.95198
1.0388
1.1257
1.2126
1.2997
1.3869
1.4741
1.5615
1.6489
1.7364
1.824
1.824
1.9989
2.0862
2.1736
2.2611
2.3486
2.4363
2.524
2.6118
2.6997
2.7877
2.8758
2.8758
3.0517
3.1394
3.2273
3.3152
3.4032
3.4913
3.5795
3.6678
3.7562
3.8447
3.9332
3.9332
4.11
4.1982
4.2865
4.3749
4.4634
4.5519
4.6406
4.7293
4.8181
4.907
4.996
4.996
5.1737
5.2623
5.3511
5.4399
5.5288
5.6178
5.7069
5.796
5.8852
5.9746
6.064
6.064
6.2424
6.3315
6.4206
6.5099
6.5992
6.6886
6.778
6.8676
6.9572
7.0469
7.1367
7.1367
7.3159
7.4053
7.4948
7.5844
7.5844
7.7633
7.8525
7.9418
8.0312
8.1207
8.2102
8.2999
8.3896
8.4793
8.5692
8.6591
8.6591
8.8385
8.9281
9.0177
9.1074
9.1972
9.287
9.3769
9.4669
9.557
9.6471
9.7373
9.7373
9.9173
10.007
10.097
10.187
10.277
10.367
10.457
10.547
10.638
10.728
10.818
10.818
10.999
11.089
11.179
11.269
11.359
11.45
11.54
11.63
11.721
11.811
11.902
11.902
12.083
12.173
12.263
12.353
12.444
12.534
12.624
12.715
12.805
12.896
12.987
12.987
13.167
13.258
13.348
13.438
13.529
13.619
13.709
13.8
13.89
13.981
14.072
14.072
14.252
14.343
14.433
14.523
14.613
14.704
14.794
14.884
14.975
15.065
15.156
15.156
15.336
15.426
15.516
15.606
15.606
15.786
15.876
15.966
16.055
16.145
16.235
16.235
16.414
16.503
16.592
16.682
16.682
16.86
16.949
17.038
17.127
17.215
17.304
17.393
17.482
17.571
17.66
17.749
17.838
17.927
18.016
18.105
18.194
18.283
18.372
18.461
18.549
18.638
18.727
18.816
18.905
18.994
19.083
19.172
19.261
19.35
19.439
19.527
19.616
19.705
19.794
19.883
19.971
20.06
20.149
20.238
20.326
20.415
20.504
20.593
20.681
20.77
20.858
20.947
21.036
21.124
21.213
21.301
21.39
21.478
21.566
21.655
21.743
21.831
21.92
22.008
22.096
22.184
22.272
22.361
22.449
22.537
22.625
22.713
22.801
22.888
22.976
23.064
23.152
23.24
23.327
23.415
23.503
23.59
23.678
23.765
23.852
23.94
24.027
24.114
24.202
24.289
24.376
24.463
24.55
24.637
24.724
24.811
24.898
24.984
25.071
25.158
25.244
25.331
25.417
25.503
25.59
25.676
25.762
25.848
25.934
26.02
26.106
26.192
26.278
26.364
26.449
26.535
26.621
26.706
26.791
26.877
26.962
27.047
27.132
27.217
27.302
27.387
27.472
27.556
27.641
27.726
27.81
27.894
27.979
28.063
28.147
28.231
28.315
28.399
28.483
28.567
28.65
28.734
28.817
28.9
28.984
29.067
29.15
29.233
29.316
29.399
29.481
29.564
29.646
29.729
29.811
29.893
29.975
30.057
30.139
30.221
30.303
30.384
30.466
30.547
30.629
30.71
30.791
30.872
30.953
31.033
31.114
31.194
31.275
31.355
31.435
31.515
31.595
31.675
31.755
31.834
31.914
31.993
32.072
32.151
32.23
32.309
32.388
32.466
32.545
32.623
32.701
32.779
32.857
32.935
33.012
33.09
33.167
33.245
33.322
33.399
33.475
33.552
33.629
33.705
33.781
33.857
33.933
34.009
34.085
34.16
34.235
34.311
34.386
34.461
34.535
34.61
34.684
34.758
34.832
34.906
34.98
35.054
35.127
35.2
35.273
35.346
35.419
35.491
35.564
35.636
35.708
35.78
35.851
35.923
35.994
36.065
36.136
36.207
36.277
36.347
36.417
36.487
36.557
36.626
36.696
36.765
36.833
36.902
36.97
37.038
37.106
37.174
37.241
37.309
37.376
37.442
37.509
37.575
37.641
37.707
37.772
37.837
37.902
37.967
38.031
38.095
38.159
38.223
38.286
38.349
38.411
38.474
38.536
38.597
38.658
38.719
38.78
38.84
38.9
38.96
39.019
39.078
39.136
39.194
39.252
39.309
39.366
39.422
39.478
39.533
39.588
39.643
39.697
39.75
39.803
39.856
39.908
39.959
40.01
40.06
40.11
40.159
40.207
40.255
40.302
40.349
40.394
40.44
40.484
40.527
40.57
40.612
40.653
40.694
40.733
40.771
40.809
40.846
40.881
40.916
40.95
40.982
41.013
41.044
41.073
41.1
41.127
41.152
41.176
41.199
41.22
41.239
41.257
41.274
41.289
41.302
41.313
41.323
41.33
41.336
41.34
41.341
41.341
41.338
41.333
41.326
41.316
41.304
41.289
41.271
41.251
41.227
41.201
41.171
41.138
41.102
41.063
41.019
40.973
40.922
40.867
40.808
40.745
40.677
40.605
40.528
40.446
40.36
40.267
40.17
40.066
39.957
39.842
39.721
39.593
39.458
39.316
39.168
39.011
38.847
38.675
38.495
38.306
38.109
37.902
37.686
37.46
37.224
36.977
36.72
36.451
36.171
35.879
35.574
35.257
34.926
34.582
34.224
33.852
33.464
33.061
32.642
32.207
31.754
31.284
30.797
30.29
29.765
29.22
28.654
28.068
27.461
26.832
26.18
25.505
24.806
24.083
23.334
22.561
21.761
20.934
20.08
19.198
18.287
17.348
16.378
15.378
14.348
13.286
12.193
11.068
9.9094
8.7183
7.4939
6.2359
4.9441
3.6182
2.2582
0.86378
-0.56492
-2.0279
-3.5251
-5.0563
-6.6213
-8.2197
-9.8512
-11.515
-13.212
-14.939
-16.697
-18.486
-20.303
-22.149
-24.022
-25.921
-27.845
-29.793
-31.764
-33.756
-35.769
-37.801
-39.851
-40.884
-40.926
-40.954
-40.982
-41.01
-41.038
-41.066
-41.094
-41.121
-41.149
-41.177
-41.204
-41.232
-41.259
-41.287
-41.314
-41.342
-41.369
-41.396
-41.424
-41.451
-41.478
-41.505
-41.533
-41.56
-41.587
-41.614
-41.641
-41.668
-41.695
-41.722
-41.748
-41.775
-41.802
-41.829
-41.855
-41.882
-41.909
-41.935
-41.962
-41.988
-42.015
-42.041
-42.068
-42.094
-42.12
-42.147
-42.173
-42.199
-42.225
-42.251
-42.251
-42.304
-42.33
-42.356
-42.382
-42.408
-42.434
-42.46
-42.485
-42.511
-42.511
-42.563
-42.589
-42.614
-42.64
-42.666
-42.691
-42.717
-42.742
-42.768
-42.793
-42.819
-42.844
-42.87
-42.895
-42.92
-42.946
-42.971
-42.971
-43.021
-43.046
-43.071
-43.097
-43.122
-43.147
-43.172
-43.197
-43.221
-43.246
-43.271
-43.296
-43.321
-43.346
-43.37
-43.395
-43.42
-43.444
-43.469
-43.469
-43.518
-43.542
-43.542
-43.591
-43.616
-43.64
-43.665
-43.689
-43.713
-43.738
-43.762
-43.786
-43.81
-43.834
-43.858
-43.883
-43.907
-43.931
-43.955
-43.979
-44.003
-44.026
-44.026
-44.074
-44.098
-44.098
-44.146
-44.169
-44.193
-44.217
-44.24
-44.264
-44.288
-44.311
-44.335
-44.358
-44.382
-44.405
-44.429
-44.452
-44.475
-44.499
-44.522
-44.545
-44.568
-44.592
-44.615
-44.638
-44.661
-44.684
-44.707
-44.73
-44.753
-44.776
-44.799
-44.822
-44.845
-44.868
-44.868
-44.913
-44.936
-44.936
-44.981
-45.004
-45.027
-45.049
-45.072
-45.095
-45.117
-45.14
-45.162
-45.185
-45.207
-45.229
-45.252
-45.274
-45.296
-45.319
-45.341
-45.363
-45.385
-45.408
-45.43
-45.452
-45.474
-45.496
-45.518
-45.54
-45.562
-45.584
-45.606
-45.628
-45.649
-45.671
-45.693
-45.715
-45.737
-45.758
-45.758
-45.802
-45.823
-45.823
-45.866
-45.888
-45.888
-45.931
-45.953
-45.953
-45.996
-46.017
-46.039
-46.06
-46.081
-46.103
-46.124
-46.145
-46.167
-46.188
-46.209
-46.23
-46.251
-46.273
-46.294
-46.315
-46.336
-46.357
-46.378
-46.399
-46.42
-46.441
-46.462
-46.482
-46.503
-46.524
-46.545
-46.566
-46.586
-46.607
-46.628
-46.648
-46.669
-46.689
-46.71
-46.731
-46.731
-46.772
-46.792
-46.792
-46.833
-46.853
-46.853
-46.894
-46.914
-46.914
-46.955
-46.975
-46.996
-47.016
-47.036
-47.056
-47.077
-47.097
-47.117
-47.137
-47.157
-47.177
-47.197
-47.217
-47.237
-47.257
-47.277
-47.297
-47.317
-47.337
-47.357
-47.376
-47.396
-47.416
-47.436
-47.455
-47.475
-47.495
-47.514
-47.534
-47.553
-47.573
-47.592
-47.612
-47.631
-47.651
-47.67
-47.69
-47.709
-47.728
-47.748
-47.767
-47.786
-47.805
-47.825
-47.844
-47.863
-47.882
-47.901
-47.92
-47.939
-47.958
-47.977
-47.996
-48.015
-48.034
-48.053
-48.072
-48.091
-48.091
-48.129
-48.147
-48.147
-48.185
-48.204
-48.204
-48.241
-48.26
-48.26
-48.297
-48.316
-48.335
-48.353
-48.372
-48.39
-48.409
-48.427
-48.446
-48.464
-48.483
-48.501
-48.52
-48.538
-48.556
-48.575
-48.593
-48.611
-48.63
-48.648
-48.666
-48.684
-48.702
-48.721
-48.739
-48.757
-48.775
-48.793
-48.811
-48.829
-48.847
-48.865
-48.883
-48.901
-48.919
-48.937
-48.954
-48.972
-48.99
-49.008
-49.026
-49.043
-49.061
-49.079
-49.096
-49.114
-49.132
-49.149
-49.167
-49.184
-49.202
-49.219
-49.237
-49.254
-49.272
-49.289
-49.307
-49.324
-49.341
-49.359
-49.376
-49.393
-49.41
-49.428
-49.445
-49.462
-49.479
-49.496
-49.513
-49.531
-49.531
-49.565
-49.582
-49.582
-49.616
-49.633
-49.633
-49.667
-49.684
-49.684
-49.718
-49.735
-49.735
-49.768
-49.785
-49.785
-49.819
-49.836
-49.836
-49.869
-49.886
-49.886
-49.92
-49.937
-49.953
-49.97
-49.987
-50.003
-50.02
-50.037
-50.053
-50.07
-50.086
-50.103
-50.119
-50.136
-50.152
-50.169
-50.185
-50.202
-50.218
-50.234
-50.251
-50.267
-50.283
-50.3
-50.316
-50.332
-50.348
-50.365
-50.381
-50.397
-50.413
-50.429
-50.445
-50.461
-50.478
-50.494
-50.51
-50.526
-50.542
-50.558
-50.573
-50.589
-50.605
-50.621
-50.637
-50.653
-50.669
-50.684
-50.7
-50.716
-50.732
-50.747
-50.763
-50.779
-50.794
-50.81
-50.826
-50.841
-50.857
-50.872
-50.888
-50.903
-50.919
-50.934
-50.95
-50.965
-50.981
-50.996
-51.011
-51.027
-51.027
-51.057
-51.073
-51.073
-51.103
-51.119
-51.119
-51.149
-51.164
-51.164
-51.195
-51.21
-51.21
-51.24
-51.256
-51.256
-51.286
-51.301
-51.301
-51.331
-51.346
-51.346
-51.376
-51.391
-51.391
-51.421
-51.436
-51.451
-51.466
-51.481
-51.496
-51.511
-51.526
-51.541
-51.556
-51.571
-51.585
-51.6
-51.615
-51.63
-51.645
-51.659
-51.674
-51.689
-51.703
-51.718
-51.733
-51.747
-51.762
-51.776
-51.791
-51.805
-51.82
-51.834
-51.849
-51.863
-51.878
-51.892
-51.907
-51.921
-51.935
-51.95
-51.964
-51.978
-51.993
-52.007
-52.021
-52.035
-52.05
-52.064
-52.078
-52.092
-52.106
-52.121
-52.135
-52.149
-52.163
-52.177
-52.191
-52.205
-52.219
-52.233
-52.247
-52.261
-52.275
-52.289
-52.303
-52.316
-52.33
-52.344
-52.358
-52.372
-52.386
-52.399
-52.413
-52.427
-52.441
-52.454
-52.468
-52.482
-52.495
-52.509
-52.523
-52.536
-52.55
-52.563
-52.577
-52.59
-52.604
-52.617
-52.631
-52.644
-52.658
-52.671
-52.685
-52.698
-52.711
-52.725
-52.738
-52.751
-52.765
-52.778
-52.791
-52.804
-52.818
-52.831
-52.844
-52.857
-52.87
-52.883
-52.897
-52.91
-52.923
-52.936
-52.949
-52.962
-52.975
-52.988
-53.001
-53.014
-53.027
-53.027
-53.053
-53.066
-53.079
-53.092
-53.104
-53.104
-53.13
-53.143
-53.156
-53.169
-53.181
-53.181
-53.207
-53.22
-53.233
-53.245
-53.258
-53.258
-53.283
-53.296
-53.309
-53.321
-53.334
-53.347
-53.359
-53.372
-53.384
-53.397
-53.409
-53.422
-53.434
-53.447
-53.459
-53.472
-53.484
-53.497
-53.509
-53.521
-53.534
-53.546
-53.558
-53.571
-53.583
-53.595
-53.608
-53.62
-53.632
-53.644
-53.657
-53.669
-53.681
-53.693
-53.705
-53.717
-53.73
-53.742
-53.754
-53.766
-53.778
-53.79
-53.802
-53.814
-53.826
-53.838
-53.838
-53.862
-53.874
-53.886
-53.897
-53.909
-53.909
-53.933
-53.945
-53.957
-53.969
-53.98
-53.98
-54.004
-54.016
-54.028
-54.039
-54.051
-54.051
-54.075
-54.086
-54.098
-54.11
-54.121
-54.121
-54.145
-54.156
-54.168
-54.179
-54.191
-54.191
-54.214
-54.226
-54.237
-54.249
-54.26
-54.26
-54.283
-54.295
-54.306
-54.318
-54.329
-54.329
-54.352
-54.363
-54.375
-54.386
-54.397
-54.397
-54.42
-54.431
-54.443
-54.454
-54.465
-54.477
-54.488
-54.499
-54.51
-54.522
-54.533
-54.544
-54.555
-54.566
-54.577
-54.588
-54.6
-54.611
-54.622
-54.633
-54.644
-54.655
-54.666
-54.677
-54.688
-54.699
-54.71
-54.721
-54.732
-54.743
-54.754
-54.764
-54.775
-54.786
-54.797
-54.808
-54.819
-54.829
-54.84
-54.851
-54.862
-54.873
-54.883
-54.894
-54.905
-54.915
-54.915
-54.937
-54.947
-54.958
-54.969
-54.979
-54.979
-55
-55.011
-55.022
-55.032
-55.043
-55.043
-55.064
-55.074
-55.085
-55.095
-55.106
-55.106
-55.127
-55.137
-55.148
-55.158
-55.168
-55.168
-55.189
-55.199
-55.21
-55.22
-55.231
-55.231
-55.251
-55.261
-55.272
-55.282
-55.292
-55.292
-55.313
-55.323
-55.333
-55.344
-55.354
-55.354
-55.374
-55.384
-55.394
-55.405
-55.415
-55.425
-55.435
-55.445
-55.455
-55.465
-55.475
-55.485
-55.495
-55.505
-55.515
-55.525
-55.535
-55.545
-55.555
-55.565
-55.575
-55.585
-55.595
-55.605
-55.614
-55.624
-55.634
-55.644
-55.654
-55.663
-55.673
-55.683
-55.693
-55.702
-55.712
-55.722
-55.732
-55.741
-55.751
-55.761
-55.77
-55.78
-55.79
-55.799
-55.809
-55.818
-55.828
-55.837
-55.847
-55.856
-55.866
-55.876
-55.876
-55.894
-55.904
-55.913
-55.923
-55.932
-55.932
-55.951
-55.961
-55.97
-55.979
-55.989
-55.989
-56.007
-56.017
-56.026
-56.035
-56.045
-56.045
-56.063
-56.073
-56.082
-56.091
-56.1
-56.1
-56.119
-56.128
-56.137
-56.146
-56.156
-56.156
-56.174
-56.183
-56.192
-56.201
-56.21
-56.21
-56.229
-56.238
-56.247
-56.256
-56.265
-56.265
-56.283
-56.292
-56.301
-56.31
-56.319
-56.328
-56.337
-56.346
-56.355
-56.364
-56.373
-56.382
-56.391
-56.399
-56.408
-56.417
-56.426
-56.435
-56.444
-56.452
-56.461
-56.47
-56.479
-56.488
-56.496
-56.505
-56.514
-56.522
-56.531
-56.54
-56.548
-56.557
-56.566
-56.574
-56.583
-56.592
-56.6
-56.609
-56.617
-56.626
-56.634
-56.643
-56.652
-56.66
-56.669
-56.677
-56.677
-56.694
-56.702
-56.711
-56.719
-56.728
-56.728
-56.745
-56.753
-56.761
-56.77
-56.778
-56.778
-56.795
-56.803
-56.811
-56.82
-56.828
-56.828
-56.845
-56.853
-56.861
-56.869
-56.878
-56.878
-56.894
-56.902
-56.911
-56.919
-56.927
-56.927
-56.943
-56.952
-56.96
-56.968
-56.976
-56.976
-56.992
-57
-57.008
-57.016
-57.025
-57.025
-57.041
-57.049
-57.057
-57.065
-57.073
-57.073
-57.089
-57.097
-57.105
-57.113
-57.121
-57.129
-57.137
-57.145
-57.152
-57.16
-57.168
-57.176
-57.184
-57.192
-57.2
-57.207
-57.215
-57.223
-57.231
-57.239
-57.246
-57.254
-57.262
-57.27
-57.277
-57.285
-57.293
-57.301
-57.308
-57.316
-57.324
-57.331
-57.339
-57.346
-57.354
-57.362
-57.369
-57.377
-57.384
-57.392
-57.399
-57.407
-57.415
-57.422
-57.43
-57.437
-57.445
-57.452
-57.459
-57.467
-57.474
-57.482
-57.489
-57.497
-57.504
-57.511
-57.519
-57.526
-57.533
-57.541
-57.548
-57.555
-57.563
-57.57
-57.577
-57.584
-57.592
-57.599
-57.606
-57.613
-57.621
-57.628
-57.635
-57.642
-57.649
-57.657
-57.664
-57.671
-57.678
-57.685
-57.692
-57.699
-57.706
-57.713
-57.72
-57.728
-57.735
-57.742
-57.749
-57.756
-57.763
-57.77
-57.777
-57.784
-57.79
-57.797
-57.804
-57.811
-57.818
-57.825
-57.832
-57.839
-57.846
-57.853
-57.859
-57.866
-57.873
-57.88
-57.887
-57.893
-57.9
-57.907
-57.914
-57.921
-57.927
-57.934
-57.941
-57.947
-57.954
-57.961
-57.967
-57.974
-57.981
-57.987
-57.994
-58.001
-58.007
-58.014
-58.02
-58.027
-58.034
-58.04
-58.047
-58.053
-58.06
-58.066
-58.073
-58.079
-58.086
-58.092
-58.099
-58.105
-58.112
-58.118
-58.125
-58.131
-58.137
-58.144
-58.15
-58.156
-58.163
-58.169
-58.176
-58.182
-58.188
-58.194
-58.201
-58.207
-58.213
-58.22
-58.226
-58.232
-58.238
-58.245
-58.251
-58.257
-58.263
-58.269
-58.276
-58.282
-58.288
-58.294
-58.3
-58.306
-58.312
-58.319
-58.325
-58.331
-58.337
-58.343
-58.349
-58.355
-58.361
-58.367
-58.373
-58.379
-58.385
-58.391
-58.397
-58.403
-58.409
-58.415
-58.421
-58.427
-58.433
-58.439
-58.444
-58.45
-58.456
-58.462
-58.468
-58.474
-58.48
-58.485
-58.491
-58.497
-58.503
-58.509
-58.514
-58.52
-58.526
-58.532
-58.537
-58.543
-58.549
-58.555
-58.56
-58.566
-58.572
-58.577
-58.583
-58.589
-58.594
-58.6
-58.605
-58.611
-58.617
-58.622
-58.628
-58.633
-58.639
-58.644
-58.65
-58.65
-58.661
-58.667
-58.672
-58.678
-58.683
-58.689
-58.694
-58.7
-58.705
-58.71
-58.716
-58.716
-58.727
-58.732
-58.737
-58.743
-58.748
-58.754
-58.759
-58.764
-58.77
-58.775
-58.78
-58.78
-58.791
-58.796
-58.802
-58.807
-58.812
-58.817
-58.823
-58.828
-58.833
-58.838
-58.844
-58.844
-58.854
-58.859
-58.864
-58.87
-58.87
-58.88
-58.885
-58.89
-58.895
-58.901
-58.906
-58.911
-58.916
-58.921
-58.926
-58.931
-58.931
-58.941
-58.946
-58.952
-58.957
-58.962
-58.967
-58.972
-58.977
-58.982
-58.987
-58.992
-58.992
-59.002
-59.006
-59.011
-59.016
-59.021
-59.026
-59.031
-59.036
-59.041
-59.046
-59.051
-59.051
-59.06
-59.065
-59.07
-59.075
-59.08
-59.085
-59.089
-59.094
-59.099
-59.104
-59.109
-59.109
-59.118
-59.123
-59.128
-59.132
-59.137
-59.142
-59.147
-59.151
-59.156
-59.161
-59.165
-59.165
-59.175
-59.179
-59.184
-59.189
-59.193
-59.198
-59.202
-59.207
-59.212
-59.216
-59.221
-59.221
-59.23
-59.234
-59.239
-59.244
-59.248
-59.253
-59.257
-59.262
-59.266
-59.271
-59.275
-59.275
-59.284
-59.288
-59.293
-59.297
-59.297
-59.306
-59.311
-59.315
-59.319
-59.324
-59.328
-59.333
-59.337
-59.341
-59.346
-59.35
-59.35
-59.359
-59.363
-59.367
-59.372
-59.376
-59.38
-59.385
-59.389
-59.393
-59.397
-59.402
-59.402
-59.41
-59.414
-59.418
-59.423
-59.427
-59.431
-59.435
-59.439
-59.444
-59.448
-59.452
-59.452
-59.46
-59.464
-59.468
-59.473
-59.477
-59.481
-59.485
-59.489
-59.493
-59.497
-59.501
-59.501
-59.509
-59.513
-59.517
-59.521
-59.525
-59.529
-59.533
-59.537
-59.541
-59.545
-59.549
-59.549
-59.557
-59.561
-59.565
-59.569
-59.573
-59.577
-59.581
-59.584
-59.588
-59.592
-59.596
-59.596
-59.604
-59.608
-59.611
-59.615
-59.619
-59.623
-59.627
-59.631
-59.634
-59.638
-59.642
-59.642
-59.649
-59.653
-59.657
-59.661
-59.664
-59.668
-59.672
-59.675
-59.679
-59.683
-59.686
-59.686
-59.694
-59.697
-59.701
-59.705
-59.705
-59.712
-59.716
-59.719
-59.723
-59.726
-59.73
-59.734
-59.737
-59.741
-59.744
-59.748
-59.748
-59.755
-59.759
-59.762
-59.766
-59.769
-59.773
-59.776
-59.78
-59.783
-59.786
-59.79
-59.79
-59.797
-59.8
-59.804
-59.807
-59.811
-59.814
-59.817
-59.821
-59.824
-59.828
-59.831
-59.831
-59.838
-59.841
-59.844
-59.848
-59.851
-59.854
-59.858
-59.861
-59.864
-59.867
-59.871
-59.871
-59.877
-59.881
-59.884
-59.887
-59.89
-59.893
-59.897
-59.9
-59.903
-59.906
-59.909
-59.909
-59.916
-59.919
-59.922
-59.925
-59.928
-59.932
-59.935
-59.938
-59.941
-59.944
-59.947
-59.947
-59.953
-59.956
-59.959
-59.963
-59.966
-59.969
-59.972
-59.975
-59.978
-59.981
-59.984
-59.984
-59.99
-59.993
-59.996
-59.999
-59.999
-60.005
-60.008
-60.011
-60.013
-60.016
-60.019
-60.022
-60.025
-60.028
-60.031
-60.034
-60.034
-60.04
-60.042
-60.045
-60.048
-60.051
-60.054
-60.057
-60.06
-60.062
-60.065
-60.068
-60.068
-60.074
-60.076
-60.079
-60.082
-60.085
-60.087
-60.09
-60.093
-60.096
-60.098
-60.101
-60.101
-60.106
-60.109
-60.112
-60.114
-60.117
-60.12
-60.122
-60.125
-60.128
-60.13
-60.133
-60.133
-60.138
-60.141
-60.143
-60.146
-60.149
-60.151
-60.154
-60.156
-60.159
-60.161
-60.164
-60.164
-60.169
-60.172
-60.174
-60.177
-60.179
-60.182
-60.184
-60.187
-60.189
-60.191
-60.194
-60.194
-60.199
-60.201
-60.204
-60.206
-60.208
-60.211
-60.213
-60.216
-60.218
-60.22
-60.223
-60.223
-60.228
-60.23
-60.232
-60.235
-60.235
-60.239
-60.242
-60.244
-60.246
-60.248
-60.251
-60.253
-60.255
-60.258
-60.26
-60.262
-60.262
-60.267
-60.269
-60.271
-60.273
-60.275
-60.278
-60.28
-60.282
-60.284
-60.286
-60.289
-60.289
-60.293
-60.295
-60.297
-60.299
-60.301
-60.304
-60.306
-60.308
-60.31
-60.312
-60.314
-60.314
-60.318
-60.32
-60.322
-60.324
-60.326
-60.328
-60.331
-60.333
-60.335
-60.337
-60.339
-60.339
-60.343
-60.345
-60.347
-60.348
-60.35
-60.352
-60.354
-60.356
-60.358
-60.36
-60.362
-60.362
-60.366
-60.368
-60.37
-60.372
-60.373
-60.375
-60.377
-60.379
-60.381
-60.383
-60.385
-60.385
-60.388
-60.39
-60.392
-60.394
-60.395
-60.397
-60.399
-60.401
-60.403
-60.404
-60.406
-60.406
-60.41
-60.411
-60.413
-60.415
-60.416
-60.418
-60.42
-60.422
-60.423
-60.425
-60.427
-60.427
-60.43
-60.432
-60.433
-60.435
-60.435
-60.438
-60.44
-60.441
-60.443
-60.445
-60.446
-60.448
-60.449
-60.451
-60.453
-60.454
-60.454
-60.457
-60.459
-60.46
-60.462
-60.463
-60.465
-60.466
-60.468
-60.469
-60.471
-60.472
-60.472
-60.475
-60.477
-60.478
-60.48
-60.481
-60.482
-60.484
-60.485
-60.487
-60.488
-60.49
-60.49
-60.492
-60.494
-60.495
-60.496
-60.498
-60.499
-60.501
-60.502
-60.503
-60.505
-60.506
-60.506
-60.508
-60.51
-60.511
-60.512
-60.514
-60.515
-60.516
-60.517
-60.519
-60.52
-60.521
-60.521
-60.524
-60.525
-60.526
-60.527
-60.528
-60.53
-60.531
-60.532
-60.533
-60.534
-60.536
-60.536
-60.538
-60.539
-60.54
-60.541
-60.542
-60.544
-60.545
-60.546
-60.547
-60.548
-60.549
-60.549
-60.551
-60.552
-60.553
-60.554
-60.554
-60.556
-60.557
-60.558
-60.559
-60.56
-60.562
-60.563
-60.564
-60.564
-60.565
-60.566
-60.566
-60.568
-60.569
-60.57
-60.571
-60.572
-60.573
-60.574
-60.575
-60.576
-60.577
-60.578
-60.578
-60.579
-60.58
-60.581
-60.582
-60.583
-60.584
-60.585
-60.585
-60.586
-60.587
-60.588
-60.588
-60.59
-60.59
-60.591
-60.592
-60.593
-60.593
-60.594
-60.595
-60.596
-60.596
-60.597
-60.597
-60.599
-60.599
-60.6
-60.601
-60.602
-60.602
-60.603
-60.604
-60.604
-60.605
-60.606
-60.606
-60.607
-60.608
-60.608
-60.609
-60.609
-60.61
-60.611
-60.611
-60.612
-60.613
-60.613
-60.613
-60.614
-60.615
-60.615
-60.616
-60.616
-60.617
-60.618
-60.618
-60.619
-60.619
-60.62
-60.62
-60.621
-60.621
-60.622
-60.622
-60.622
-60.623
-60.624
-60.624
-60.624
-60.625
-60.625
-60.626
-60.626
-60.627
-60.627
-60.627
-60.627
-60.628
-60.629
-60.629
-60.629
-60.63
-60.63
-60.63
-60.631
-60.631
-60.631
-60.632
-60.632
-60.632
-60.633
-60.633
-60.633
-60.634
-60.634
-60.634
-60.634
-60.635
-60.635
-60.635
-60.635
-60.636
-60.636
-60.636
-60.636
-60.637
-60.637
-60.637
-60.637
-60.637
-60.638
-60.638
-60.638
-60.638
-60.638
-60.638
-60.639
-60.639
-60.639
-60.639
-60.639
-60.639
-60.639
-60.639
-60.639
-60.64
-60.64
-60.64
-60.64
-60.64
-60.64
-60.64
-60.64
-60.64
-60.64
-60.64
-60.64
-60.64
-60.64
-60.64
-60.64
-60.64
-60.64
-60.64
-60.64
-60.64
-60.64
-60.64
-60.64
-60.64
-60.64
-60.64
-60.64
-60.64
-60.64
-60.639
-60.639
-60.639
-60.639
-60.639
-60.639
-60.639
-60.639
-60.638
-60.638
-60.638
-60.638
-60.638
-60.638
-60.638
-60.637
-60.637
-60.637
-60.637
-60.637
-60.636
-60.636
-60.636
-60.636
-60.635
-60.635
-60.635
-60.635
-60.634
-60.634
-60.634
-60.634
-60.633
-60.633
-60.633
-60.632
-60.632
-60.632
-60.631
-60.631
-60.631
-60.63
-60.63
-60.63
-60.629
-60.629
-60.628
-60.628
-60.628
-60.627
-60.627
-60.626
-60.626
-60.626
-60.625
-60.625
-60.624
-60.624
-60.623
-60.623
-60.622
-60.622
-60.621
-60.621
-60.62
-60.62
-60.619
-60.619
-60.618
-60.618
-60.617
-60.617
-60.616
-60.615
-60.615
-60.614
-60.614
-60.613
-60.613
-60.612
-60.611
-60.611
-60.61
-60.609
-60.609
-60.608
-60.607
-60.607
-60.606
-60.605
-60.605
-60.604
-60.603
-60.603
-60.602
-60.601
-60.6
-60.6
-60.599
-60.598
-60.598
-60.597
-60.596
-60.595
-60.594
-60.594
-60.593
-60.592
-60.591
-60.59
-60.59
-60.589
-60.588
-60.587
-60.586
-60.585
-60.585
-60.584
-60.583
-60.582
-60.581
-60.58
-60.579
-60.578
-60.578
-60.577
-60.576
-60.575
-60.574
-60.573
-60.572
-60.571
-60.57
-60.569
-60.568
-60.567
-60.566
-60.565
-60.564
-60.563
-60.562
-60.561
-60.56
-60.559
-60.558
-60.557
-60.556
-60.555
-60.554
-60.553
-60.551
-60.55
-60.549
-60.548
-60.547
-60.546
-60.545
-60.544
-60.543
-60.541
-60.54
-60.539
-60.538
-60.537
-60.536
-60.534
-60.533
-60.532
-60.531
-60.53
-60.528
-60.527
-60.526
-60.525
-60.524
-60.522
-60.521
-60.52
-60.518
-60.517
-60.516
-60.515
-60.513
-60.512
-60.511
-60.509
-60.508
-60.507
-60.505
-60.504
-60.503
-60.501
-60.5
-60.499
-60.497
-60.496
-60.495
-60.493
-60.492
-60.49
-60.489
-60.487
-60.486
-60.485
-60.483
-60.482
-60.48
-60.479
-60.477
-60.476
-60.474
-60.473
-60.471
-60.47
-60.468
-60.467
-60.465
-60.464
-60.462
-60.461
-60.459
-60.458
-60.456
-60.455
-60.453
-60.451
-60.45
-60.448
-60.447
-60.445
-60.443
-60.442
-60.44
-60.439
-60.437
-60.435
-60.434
-60.432
-60.43
-60.429
-60.427
-60.425
-60.424
-60.422
-60.42
-60.419
-60.417
-60.415
-60.413
-60.412
-60.41
-60.408
-60.406
-60.405
-60.403
-60.401
-60.399
-60.398
-60.396
-60.394
-60.392
-60.39
-60.388
-60.387
-60.385
-60.383
-60.381
-60.379
-60.377
-60.376
-60.374
-60.372
-60.37
-60.368
-60.366
-60.364
-60.362
-60.36
-60.358
-60.357
-60.355
-60.353
-60.351
-60.349
-60.347
-60.345
-60.343
-60.341
-60.339
-60.337
-60.335
-60.333
-60.331
-60.329
-60.327
-60.325
-60.323
-60.321
-60.319
-60.317
-60.315
-60.312
-60.31
-60.308
-60.306
-60.304
-60.302
-60.3
-60.298
-60.296
-60.293
-60.291
-60.289
-60.287
-60.285
-60.283
-60.281
-60.278
-60.276
-60.274
-60.272
-60.27
-60.267
-60.265
-60.263
-60.261
-60.259
-60.256
-60.254
-60.252
-60.249
-60.247
-60.245
-60.243
-60.24
-60.238
-60.236
-60.233
-60.231
-60.229
-60.227
-60.224
-60.222
-60.22
-60.217
-60.215
-60.212
-60.21
-60.208
-60.205
-60.203
-60.201
-60.198
-60.196
-60.193
-60.191
-60.188
-60.186
-60.184
-60.181
-60.179
-60.176
-60.174
-60.171
-60.169
-60.166
-60.164
-60.161
-60.159
-60.156
-60.154
-60.151
-60.149
-60.146
-60.144
-60.141
-60.138
-60.136
-60.133
-60.131
-60.128
-60.126
-60.123
-60.12
-60.118
-60.115
-60.113
-60.11
-60.107
-60.105
-60.102
-60.099
-60.097
-60.094
-60.091
-60.089
-60.086
-60.083
-60.081
-60.078
-60.075
-60.072
-60.07
-60.067
-60.064
-60.061
-60.059
-60.056
-60.053
-60.05
-60.048
-60.045
-60.042
-60.039
-60.036
-60.034
-60.031
-60.028
-60.025
-60.022
-60.019
-60.017
-60.014
-60.011
-60.008
-60.005
-60.002
-59.999
-59.996
-59.994
-59.991
-59.988
-59.985
-59.982
-59.979
-59.976
-59.973
-59.97
-59.967
-59.964
-59.961
-59.958
-59.955
-59.952
-59.949
-59.946
-59.943
-59.94
-59.937
-59.934
-59.931
-59.928
-59.925
-59.922
-59.919
-59.916
-59.913
-59.91
-59.907
-59.904
-59.9
-59.897
-59.894
-59.891
-59.888
-59.885
-59.882
-59.879
-59.877
-59.529
-59.302
-59.08
-58.862
-58.648
-58.439
-58.234
-58.034
-57.838
-57.646
-57.458
-57.274
-57.095
-56.919
-56.748
-56.581
-56.417
-56.258
-56.102
-55.95
-55.802
-55.658
-55.518
-55.381
-55.248
-55.118
-54.992
-54.869
-54.75
-54.634
-54.522
-54.413
-54.307
-54.205
-54.106
-54.01
-53.917
-53.827
-53.74
-53.656
-53.575
-53.497
-53.422
-53.35
-53.281
-53.214
-53.15
-53.089
-53.03
-52.974
-52.974
-52.869
-52.819
-52.772
-52.727
-52.685
-52.645
-52.607
-52.572
-52.539
-52.539
-52.478
-52.45
-52.425
-52.402
-52.38
-52.361
-52.343
-52.328
-52.315
-52.303
-52.293
-52.285
-52.279
-52.274
-52.272
-52.271
-52.271
-52.271
-52.277
-52.282
-52.288
-52.296
-52.306
-52.316
-52.329
-52.343
-52.358
-52.374
-52.392
-52.411
-52.432
-52.453
-52.476
-52.501
-52.526
-52.552
-52.58
-52.58
-52.638
-52.669
-52.669
-52.733
-52.767
-52.801
-52.836
-52.873
-52.91
-52.948
-52.987
-53.027
-53.068
-53.109
-53.151
-53.195
-53.239
-53.283
-53.329
-53.375
-53.422
-53.469
-53.469
-53.566
-53.615
-53.615
-53.715
-53.766
-53.818
-53.87
-53.922
-53.975
-54.029
-54.083
-54.137
-54.192
-54.248
-54.303
-54.36
-54.416
-54.473
-54.531
-54.588
-54.647
-54.705
-54.764
-54.823
-54.882
-54.942
-55.002
-55.062
-55.123
-55.183
-55.244
-55.305
-55.367
-55.428
-55.49
-55.49
-55.614
-55.676
-55.676
-55.801
-55.863
-55.926
-55.989
-56.052
-56.115
-56.178
-56.241
-56.304
-56.367
-56.431
-56.494
-56.557
-56.621
-56.684
-56.748
-56.811
-56.874
-56.938
-57.001
-57.064
-57.128
-57.191
-57.254
-57.317
-57.38
-57.443
-57.506
-57.569
-57.632
-57.695
-57.757
-57.82
-57.882
-57.945
-58.007
-58.007
-58.131
-58.193
-58.193
-58.316
-58.377
-58.377
-58.5
-58.561
-58.561
-58.682
-58.743
-58.803
-58.863
-58.923
-58.983
-59.043
-59.102
-59.161
-59.221
-59.279
-59.338
-59.396
-59.455
-59.513
-59.57
-59.628
-59.685
-59.742
-59.799
-59.856
-59.912
-59.969
-60.025
-60.08
-60.136
-60.191
-60.246
-60.301
-60.355
-60.41
-60.464
-60.517
-60.571
-60.624
-60.677
-60.677
-60.782
-60.835
-60.835
-60.938
-60.99
-60.99
-61.092
-61.143
-61.143
-61.244
-61.294
-61.344
-61.393
-61.442
-61.491
-61.54
-61.588
-61.636
-61.684
-61.732
-61.779
-61.826
-61.873
-61.919
-61.966
-62.011
-62.057
-62.102
-62.148
-62.192
-62.237
-62.281
-62.325
-62.369
-62.412
-62.456
-62.498
-62.541
-62.583
-62.625
-62.667
-62.709
-62.75
-62.791
-62.832
-62.872
-62.912
-62.952
-62.992
-63.031
-63.07
-63.109
-63.147
-63.186
-63.224
-63.262
-63.299
-63.336
-63.373
-63.41
-63.446
-63.482
-63.518
-63.554
-63.589
-63.624
-63.659
-63.694
-63.694
-63.762
-63.796
-63.796
-63.863
-63.897
-63.897
-63.962
-63.995
-63.995
-64.059
-64.091
-64.122
-64.154
-64.185
-64.216
-64.246
-64.277
-64.307
-64.337
-64.367
-64.396
-64.425
-64.454
-64.483
-64.511
-64.54
-64.568
-64.596
-64.623
-64.65
-64.678
-64.705
-64.731
-64.758
-64.784
-64.81
-64.836
-64.862
-64.887
-64.912
-64.937
-64.962
-64.987
-65.011
-65.035
-65.059
-65.083
-65.106
-65.13
-65.153
-65.176
-65.198
-65.221
-65.243
-65.266
-65.288
-65.309
-65.331
-65.352
-65.373
-65.394
-65.415
-65.436
-65.456
-65.477
-65.497
-65.517
-65.536
-65.556
-65.575
-65.595
-65.614
-65.633
-65.651
-65.67
-65.688
-65.706
-65.724
-65.742
-65.742
-65.777
-65.795
-65.795
-65.829
-65.846
-65.846
-65.88
-65.896
-65.896
-65.929
-65.945
-65.945
-65.977
-65.993
-65.993
-66.024
-66.039
-66.039
-66.07
-66.085
-66.085
-66.115
-66.129
-66.144
-66.158
-66.172
-66.186
-66.2
-66.214
-66.228
-66.241
-66.255
-66.268
-66.281
-66.294
-66.307
-66.32
-66.333
-66.345
-66.358
-66.37
-66.382
-66.394
-66.406
-66.418
-66.43
-66.441
-66.453
-66.464
-66.475
-66.486
-66.497
-66.508
-66.519
-66.53
-66.54
-66.551
-66.561
-66.571
-66.582
-66.592
-66.602
-66.611
-66.621
-66.631
-66.64
-66.65
-66.659
-66.668
-66.678
-66.687
-66.696
-66.705
-66.713
-66.722
-66.731
-66.739
-66.747
-66.756
-66.764
-66.772
-66.78
-66.788
-66.796
-66.804
-66.812
-66.819
-66.827
-66.834
-66.842
-66.849
-66.849
-66.863
-66.871
-66.871
-66.885
-66.892
-66.892
-66.905
-66.912
-66.912
-66.926
-66.932
-66.932
-66.945
-66.952
-66.952
-66.964
-66.971
-66.971
-66.983
-66.989
-66.989
-67.001
-67.007
-67.007
-67.019
-67.025
-67.031
-67.037
-67.042
-67.048
-67.053
-67.059
-67.064
-67.07
-67.075
-67.08
-67.085
-67.091
-67.096
-67.101
-67.106
-67.111
-67.115
-67.12
-67.125
-67.13
-67.134
-67.139
-67.143
-67.148
-67.152
-67.157
-67.161
-67.165
-67.17
-67.174
-67.178
-67.182
-67.186
-67.19
-67.194
-67.198
-67.202
-67.205
-67.209
-67.213
-67.217
-67.22
-67.224
-67.227
-67.231
-67.234
-67.238
-67.241
-67.245
-67.248
-67.251
-67.254
-67.257
-67.261
-67.264
-67.267
-67.27
-67.273
-67.276
-67.279
-67.281
-67.284
-67.287
-67.29
-67.293
-67.295
-67.298
-67.301
-67.303
-67.306
-67.308
-67.311
-67.313
-67.316
-67.318
-67.32
-67.323
-67.325
-67.327
-67.329
-67.332
-67.334
-67.336
-67.338
-67.34
-67.342
-67.344
-67.346
-67.348
-67.35
-67.352
-67.354
-67.356
-67.357
-67.359
-67.361
-67.363
-67.364
-67.366
-67.368
-67.369
-67.371
-67.373
-67.374
-67.376
-67.377
-67.379
-67.38
-67.382
-67.383
-67.384
-67.386
-67.387
-67.388
-67.388
-67.391
-67.392
-67.394
-67.395
-67.396
-67.396
-67.399
-67.4
-67.401
-67.402
-67.403
-67.403
-67.406
-67.407
-67.408
-67.409
-67.41
-67.41
-67.412
-67.413
-67.415
-67.416
-67.417
-67.418
-67.419
-67.42
-67.421
-67.422
-67.422
-67.423
-67.424
-67.425
-67.426
-67.427
-67.428
-67.428
-67.429
-67.43
-67.431
-67.432
-67.432
-67.433
-67.434
-67.434
-67.435
-67.436
-67.436
-67.437
-67.437
-67.438
-67.439
-67.439
-67.44
-67.44
-67.441
-67.441
-67.442
-67.442
-67.443
-67.443
-67.444
-67.444
-67.444
-67.445
-67.445
-67.446
-67.446
-67.446
-67.447
-67.447
-67.447
-67.448
-67.448
-67.449
-67.449
-67.449
-67.449
-67.45
-67.45
-67.451
-67.451
-67.451
-67.451
-67.452
-67.452
-67.453
-67.453
-67.453
-67.453
-67.454
-67.454
-67.455
-67.455
-67.455
-67.455
-67.456
-67.456
-67.456
-67.457
-67.457
-67.457
-67.458
-67.458
-67.458
-67.459
-67.459
-67.459
-67.459
-67.46
-67.46
-67.46
-67.461
-67.461
-67.461
-67.461
-67.462
-67.462
-67.462
-67.463
-67.463
-67.463
-67.463
-67.464
-67.464
-67.464
-67.464
-67.464
-67.465
-67.465
-67.465
-67.465
-67.465
-67.465
-67.466
-67.466
-67.466
-67.466
-67.466
-67.466
-67.466
-67.466
-67.466
-67.467
-67.467
-67.467
-67.467
-67.467
-67.467
-67.467
-67.467
-67.467
-67.467
-67.467
-67.467
-67.467
-67.467
-67.467
-67.467
-67.467
-67.467
-67.467
-67.467
-67.467
-67.467
-67.467
-67.467
-67.467
-67.467
-67.467
-67.467
-67.467
-67.467
-67.467
-67.467
-67.467
-67.467
-67.467
-67.467
-67.467
-67.467
-67.467
-67.467
-67.467
-67.467
-67.467
-67.467
-67.467
-67.467
-67.467
-67.467
-67.467
-67.467
-67.467
-67.467
-67.467
-67.467
-67.467
-67.468
-67.468
-67.468
-67.468
-67.468
-67.468
-67.468
-67.468
-67.468
-67.468
-67.468
-67.469
-67.469
-67.469
-67.469
-67.469
-67.469
-67.469
-67.469
-67.469
-67.469
-67.469
-67.469
-67.469
-67.469
-67.469
-67.469
-67.469
-67.469
-67.469
-67.469
-67.469
-67.469
-67.469
-67.469
-67.469
-67.469
-67.469
-67.469
-67.469
-67.469
-67.469
-67.469
-67.469
-67.469
-67.468
-67.468
-67.468
-67.468
-67.468
-67.468
-67.468
-67.468
-67.468
-67.467
-67.467
-67.467
-67.467
-67.467
-67.467
-67.467
-67.467
-67.467
-67.467
-67.466
-67.466
-67.466
-67.466
-67.466
-67.466
-67.466
-67.466
-67.466
-67.466
-67.466
-67.466
-67.466
-67.466
-67.466
-67.466
-67.466
-67.466
-67.466
-67.466
-67.466
-67.466
-67.466
-67.466
-67.466
-67.466
-67.466
-67.466
-67.466
-67.466
-67.466
-67.466
-67.466
-67.466
-67.466
-67.466
-67.467
-67.467
-67.467
-67.467
-67.467
-67.467
-67.467
-67.467
-67.467
-67.467
-67.468
-67.468
-67.468
-67.468
-67.468
-67.468
-67.468
-67.468
-67.468
-67.468
-67.468
-67.468
-67.468
-67.468
-67.468
-67.468
-67.468
-67.468
-67.468
-67.468
-67.468
-67.468
-67.468
-67.468
-67.468
-67.468
-67.468
-67.468
-67.468
-67.468
-67.468
-67.468
-67.468
-67.468
-67.468
-67.468
-67.468
-67.468
-67.468
-67.468
-67.468
-67.468
-67.468
-67.468
-67.468
-67.468
-67.468
-67.468
-67.468
-67.468
-67.468
-67.468
-67.468
-67.468
-67.468
-67.468
-67.468
-67.468
-67.468
-67.469
-67.469
-67.469
-67.469
-67.469
-67.469
-67.469
-67.469
-67.469
-67.47
-67.47
-67.47
-67.47
-67.47
-67.47
-67.471
-67.471
-67.471
-67.471
-67.471
-67.472
-67.472
-67.472
-67.472
-67.473
-67.473
-67.473
-67.473
-67.474
-67.474
-67.474
-67.474
-67.475
-67.475
-67.475
-67.475
-67.476
-67.476
-67.476
-67.476
-67.476
-67.477
-67.477
-67.477
-67.477
-67.477
-67.478
-67.478
-67.478
-67.478
-67.478
-67.479
-67.479
-67.479
-67.479
-67.479
-67.48
-67.48
-67.48
-67.48
-67.48
-67.48
-67.481
-67.481
-67.481
-67.481
-67.481
-67.481
-67.481
-67.482
-67.482
-67.482
-67.482
-67.482
-67.482
-67.482
-67.482
-67.483
-67.483
-67.483
-67.483
-67.483
-67.483
-67.483
-67.483
-67.483
-67.483
-67.484
-67.484
-67.484
-67.484
-67.484
-67.484
-67.484
-67.484
-67.484
-67.484
-67.484
-67.484
-67.484
-67.484
-67.484
-67.484
-67.485
-67.485
-67.485
-67.485
-67.485
-67.485
-67.485
-67.485
-67.485
-67.485
-67.485
-67.485
-67.485
-67.485
-67.485
-67.485
-67.485
-67.485
-67.485
-67.485
-67.485
-67.485
-67.485
-67.485
-67.485
-67.485
-67.485
-67.485
-67.485
-67.484
-67.484
-67.484
-67.484
-67.484
-67.484
-67.484
-67.484
-67.484
-67.484
-67.484
-67.484
-67.484
-67.484
-67.484
-67.484
-67.483
-67.483
-67.483
-67.483
-67.483
-67.483
-67.483
-67.483
-67.483
-67.483
-67.483
-67.482
-67.482
-67.482
-67.482
-67.482
-67.482
-67.482
-67.482
-67.481
-67.481
-67.481
-67.481
-67.481
-67.481
-67.481
-67.48
-67.48
-67.48
-67.48
-67.48
-67.48
-67.479
-67.479
-67.479
-67.479
-67.479
-67.479
-67.478
-67.478
-67.478
-67.478
-67.478
-67.477
-67.477
-67.477
-67.477
-67.477
-67.476
-67.476
-67.476
-67.476
-67.475
-67.475
-67.475
-67.475
-67.474
-67.474
-67.474
-67.474
-67.473
-67.473
-67.473
-67.473
-67.472
-67.472
-67.472
-67.472
-67.471
-67.471
-67.471
-67.471
-67.47
-67.47
-67.47
-67.469
-67.469
-67.469
-67.469
-67.468
-67.468
-67.468
-67.467
-67.467
-67.467
-67.466
-67.466
-67.466
-67.465
-67.465
-67.465
-67.464
-67.464
-67.464
-67.463
-67.463
-67.463
-67.462
-67.462
-67.461
-67.461
-67.461
-67.46
-67.46
-67.46
-67.459
-67.459
-67.458
-67.458
-67.458
-67.457
-67.457
-67.457
-67.456
-67.456
-67.455
-67.455
-67.455
-67.454
-67.454
-67.454
-67.453
-67.453
-67.453
-67.452
-67.452
-67.451
-67.451
-67.451
-67.45
-67.45
-67.45
-67.449
-67.449
-67.449
-67.449
-67.448
-67.448
-67.447
-67.447
-67.447
-67.446
-67.446
-67.446
-67.445
-67.445
-67.445
-67.445
-67.444
-67.444
-67.443
-67.443
-67.443
-67.442
-67.442
-67.442
-67.442
-67.441
-67.441
-67.441
-67.44
-67.44
-67.44
-67.439
-67.439
-67.439
-67.439
-67.438
-67.438
-67.438
-67.438
-67.437
-67.437
-67.437
-67.436
-67.436
-67.436
-67.436
-67.435
-67.435
-67.435
-67.435
-67.434
-67.434
-67.434
-67.434
-67.433
-67.433
-67.433
-67.433
-67.432
-67.432
-67.432
-67.432
-67.431
-67.431
-67.431
-67.431
-67.43
-67.43
-67.43
-67.43
-67.429
-67.429
-67.429
-67.429
-67.428
-67.428
-67.428
-67.428
-67.427
-67.427
-67.427
-67.427
-67.427
-67.426
-67.426
-67.426
-67.426
-67.425
-67.425
-67.425
-67.425
-67.424
-67.424
-67.424
-67.424
-67.424
-67.423
-67.423
-67.423
-67.423
-67.423
-67.422
-67.422
-67.422
-67.422
-67.421
-67.421
-67.421
-67.421
-67.421
-67.42
-67.42
-67.42
-67.42
-67.42
-67.42
-67.419
-67.419
-67.419
-67.419
-67.419
-67.419
-67.418
-67.418
-67.418
-67.418
-67.418
-67.418
-67.417
-67.417
-67.417
-67.417
-67.417
-67.417
-67.416
-67.416
-67.416
-67.416
-67.416
-67.416
-67.416
-67.415
-67.415
-67.415
-67.415
-67.415
-67.415
-67.414
-67.414
-67.414
-67.414
-67.414
-67.414
-67.414
-67.413
-67.413
-67.413
-67.413
-67.413
-67.413
-67.412
-67.412
-67.412
-67.412
-67.412
-67.412
-67.412
-67.411
-67.411
-67.411
-67.411
-67.411
-67.411
-67.411
-67.411
-67.41
-67.41
-67.41
-67.41
-67.41
-67.41
-67.41
-67.409
-67.409
-67.409
-67.409
-67.409
-67.409
-67.409
-67.409
-67.408
-67.408
-67.408
-67.408
-67.408
-67.408
-67.408
-67.408
-67.407
-67.407
-67.407
-67.407
-67.407
-67.407
-67.407
-67.407
-67.406
-67.406
-67.406
-67.406
-67.406
-67.406
-67.406
-67.406
-67.406
-67.406
-67.406
-67.405
-67.405
-67.405
-67.405
-67.405
-67.405
-67.405
-67.405
-67.405
-67.405
-67.405
-67.405
-67.404
-67.404
-67.404
-67.404
-67.404
-67.404
-67.404
-67.404
-67.404
-67.404
-67.404
-67.404
-67.404
-67.403
-67.403
-67.403
-67.403
-67.403
-67.403
-67.403
-67.403
-67.403
-67.403
-67.403
-67.403
-67.403
-67.403
-67.402
-67.402
-67.402
-67.402
-67.402
-67.402
-67.402
-67.402
-67.402
-67.402
-67.402
-67.402
-67.402
-67.402
-67.402
-67.402
-67.401
-67.401
-67.401
-67.401
-67.401
-67.401
-67.401
-67.401
-67.401
-67.401
-67.401
-67.401
-67.401
-67.401
-67.401
-67.401
-67.401
-67.401
-67.4
-67.4
-67.4
-67.4
-67.4
-67.4
-67.4
-67.4
-67.4
-67.4
-67.4
-67.4
-67.4
-67.4
-67.4
-67.4
-67.4
-67.4
-67.4
-67.4
-67.4
-67.4
-67.4
-67.4
-67.4
-67.4
-67.4
-67.4
-67.4
-67.4
-67.4
-67.4
-67.4
-67.4
-67.4
-67.4
-67.4
-67.4
-67.4
-67.4
-67.4
-67.4
-67.4
-67.4
-67.4
-67.4
-67.4
-67.4
-67.4
-67.4
-67.4
-67.4
-67.4
-67.4
-67.4
-67.4
-67.4
-67.4
-67.4
-67.4
-67.4
-67.4
-67.4
-67.4
-67.4
-67.4
-67.4
-67.4
-67.4
-67.4
-67.4
-67.4
-67.4
-67.4
-67.4
-67.4
-67.4
-67.4
-67.4
-67.4
-67.4
-67.4
-67.4
-67.4
-67.4
-67.4
-67.4
-67.4
-67.4
-67.4
-67.4
-67.4
-67.4
-67.4
-67.4
-67.4
-67.4
-67.4
-67.4
-67.4
-67.4
-67.4
-67.4
-67.4
-67.4
-67.4
-67.4
-67.4
-67.4
-67.4
-67.4
-67.4
-67.4
-67.401
-67.401
-67.401
-67.401
-67.401
-67.401
-67.401
-67.401
-67.401
-67.401
-67.401
-67.401
-67.401
-67.401
-67.401
-67.401
-67.401
-67.401
-67.402
-67.402
-67.402
-67.402
-67.402
-67.402
-67.402
-67.402
-67.402
-67.402
-67.402
-67.402
-67.402
-67.402
-67.402
-67.402
-67.402
-67.402
-67.403
-67.403
-67.403
-67.403
-67.403
-67.403
-67.403
-67.403
-67.403
-67.403
-67.403
-67.403
-67.403
-67.403
-67.404
-67.404
-67.404
-67.404
-67.404
-67.404
-67.404
-67.404
-67.404
-67.404
-67.404
-67.404
-67.404
-67.404
-67.405
-67.405
-67.405
-67.405
-67.405
-67.405
-67.405
-67.405
-67.405
-67.405
-67.405
-67.405
-67.405
-67.406
-67.406
-67.406
-67.406
-67.406
-67.406
-67.406
-67.406
-67.406
-67.406
-67.406
-67.407
-67.407
-67.407
-67.407
-67.407
-67.407
-67.407
-67.407
-67.407
-67.408
-67.408
-67.408
-67.408
-67.408
-67.408
-67.408
-67.409
-67.409
-67.409
-67.409
-67.409
-67.409
-67.409
-67.409
-67.41
-67.41
-67.41
-67.41
-67.41
-67.41
-67.41
-67.41
-67.411
-67.411
-67.411
-67.411
-67.411
-67.411
-67.411
-67.412
-67.412
-67.412
-67.412
-67.412
-67.412
-67.412
-67.412
-67.413
-67.413
-67.413
-67.413
-67.413
-67.413
-67.414
-67.414
-67.414
-67.414
-67.414
-67.414
-67.414
-67.415
-67.415
-67.415
-67.415
-67.415
-67.415
-67.415
-67.416
-67.416
-67.416
-67.416
-67.416
-67.416
-67.417
-67.417
-67.417
-67.417
-67.417
-67.417
-67.418
-67.418
-67.418
-67.418
-67.418
-67.418
-67.419
-67.419
-67.419
-67.419
-67.419
-67.42
-67.42
-67.42
-67.42
-67.42
-67.421
-67.421
-67.421
-67.421
-67.421
-67.422
-67.422
-67.422
-67.422
-67.422
-67.423
-67.423
-67.423
-67.423
-67.424
-67.424
-67.424
-67.424
-67.424
-67.425
-67.425
-67.425
-67.425
-67.426
-67.426
-67.426
-67.426
-67.426
-67.426
-67.427
-67.427
-67.427
-67.428
-67.428
-67.428
-67.428
-67.429
-67.429
-67.429
-67.429
-67.429
-67.43
-67.43
-67.43
-67.43
-67.431
-67.431
-67.431
-67.431
-67.432
-67.432
-67.432
-67.432
-67.433
-67.433
-67.433
-67.433
-67.434
-67.434
-67.434
-67.434
-67.435
-67.435
-67.435
-67.435
-67.436
-67.436
-67.436
-67.437
-67.437
-67.437
-67.437
-67.438
-67.438
-67.438
-67.438
-67.438
-67.439
-67.439
-67.44
-67.44
-67.44
-67.44
-67.441
-67.441
-67.441
-67.442
-67.442
-67.442
-67.443
-67.443
-67.443
-67.444
-67.444
-67.444
-67.445
-67.445
-67.445
-67.446
-67.446
-67.446
-67.447
-67.447
-67.447
-67.448
-67.448
-67.448
-67.449
-67.449
-67.449
-67.45
-67.45
-67.45
-67.451
-67.451
-67.452
-67.452
-67.452
-67.453
-67.453
-67.453
-67.454
-67.454
-67.454
-67.455
-67.455
-67.456
-67.456
-67.456
-67.456
-67.457
-67.457
-67.458
-67.458
-67.459
-67.459
-67.459
-67.46
-67.46
-67.46
-67.461
-67.461
-67.462
-67.462
-67.462
-67.463
-67.463
-67.464
-67.464
-67.464
-67.465
-67.465
-67.466
-67.466
-67.466
-67.467
-67.467
-67.468
-67.468
-67.469
-67.469
-67.469
-67.47
-67.47
-67.471
-67.471
-67.472
-67.472
-67.472
-67.473
-67.473
-67.474
-67.474
-67.475
-67.475
-67.476
-67.476
-67.476
-67.477
-67.478
-67.478
-67.479
-67.479
-67.48
-67.481
-67.481
-67.482
-67.482
-67.483
-67.483
-67.484
-67.484
-67.485
-67.486
-67.486
-67.487
-67.487
-67.488
-67.488
-67.489
-67.489
-67.49
-67.49
-67.491
-67.491
-67.492
-67.492
-67.493
-67.493
-67.494
-67.495
-67.495
-67.496
-67.496
-67.497
-67.497
-67.497
-67.498
-67.498
-67.499
-67.499
-67.5
-67.5
-67.501
-67.501
-67.502
-67.502
-67.503
-67.503
-67.504
-67.504
-67.505
-67.505
-67.506
-67.506
-67.506
-67.507
-67.507
-67.508
-67.508
-67.509
-67.509
-67.51
-67.51
-67.51
-67.511
-67.511
-67.512
-67.512
-67.513
-67.513
-67.513
-67.514
-67.514
-67.515
-67.515
-67.515
-67.516
-67.516
-67.517
-67.517
-67.517
-67.518
-67.518
-67.519
-67.519
-67.519
-67.52
-67.52
-67.521
-67.521
-67.521
-67.522
-67.522
-67.522
-67.523
-67.523
-67.524
-67.524
-67.524
-67.525
-67.525
-67.525
-67.526
-67.526
-67.526
-67.527
-67.527
-67.527
-67.528
-67.528
-67.528
-67.529
-67.529
-67.529
-67.53
-67.53
-67.531
-67.531
-67.531
-67.531
-67.532
-67.532
-67.532
-67.533
-67.533
-67.533
-67.534
-67.534
-67.534
-67.535
-67.535
-67.535
-67.536
-67.536
-67.536
-67.537
-67.537
-67.537
-67.537
-67.538
-67.538
-67.538
-67.539
-67.539
-67.539
-67.539
-67.54
-67.54
-67.54
-67.541
-67.541
-67.541
-67.541
-67.542
-67.542
-67.542
-67.543
-67.543
-67.543
-67.543
-67.544
-67.544
-67.544
-67.544
-67.545
-67.545
-67.545
-67.545
-67.546
-67.546
-67.546
-67.547
-67.547
-67.547
-67.547
-67.548
-67.548
-67.548
-67.548
-67.548
-67.549
-67.549
-67.549
-67.549
-67.55
-67.55
-67.55
-67.55
-67.551
-67.551
-67.551
-67.551
-67.552
-67.552
-67.552
-67.552
-67.552
-67.553
-67.553
-67.553
-67.553
-67.554
-67.554
-67.554
-67.554
-67.554
-67.555
-67.555
-67.555
-67.555
-67.555
-67.556
-67.556
-67.556
-67.556
-67.556
-67.557
-67.557
-67.557
-67.557
-67.557
-67.558
-67.558
-67.558
-67.558
-67.558
-67.559
-67.559
-67.559
-67.559
-67.559
-67.559
-67.56
-67.56
-67.56
-67.56
-67.56
-67.561
-67.561
-67.561
-67.561
-67.561
-67.561
-67.562
-67.562
-67.562
-67.562
-67.562
-67.562
-67.563
-67.563
-67.563
-67.563
-67.563
-67.563
-67.563
-67.564
-67.564
-67.564
-67.564
-67.564
-67.564
-67.565
-67.565
-67.565
-67.565
-67.565
-67.565
-67.565
-67.566
-67.566
-67.566
-67.566
-67.566
-67.566
-67.566
-67.567
-67.567
-67.567
-67.567
-67.567
-67.567
-67.567
-67.568
-67.568
-67.568
-67.568
-67.568
-67.568
-67.568
-67.568
-67.569
-67.569
-67.569
-67.569
-67.569
-67.569
-67.569
-67.569
-67.569
-67.57
-67.57
-67.57
-67.57
-67.57
-67.57
-67.57
-67.57
-67.571
-67.571
-67.571
-67.571
-67.571
-67.571
-67.571
-67.571
-67.571
-67.571
-67.572
-67.572
-67.572
-67.572
-67.572
-67.572
-67.572
-67.572
-67.572
-67.572
-67.573
-67.573
-67.573
-67.573
-67.573
-67.573
-67.573
-67.573
-67.573
-67.573
-67.573
-67.574
-67.574
-67.574
-67.574
-67.574
-67.574
-67.574
-67.574
-67.574
-67.574
-67.574
-67.574
-67.574
-67.575
-67.575
-67.575
-67.575
-67.575
-67.575
-67.575
-67.575
-67.575
-67.575
-67.575
-67.575
-67.575
-67.575
-67.576
-67.576
-67.576
-67.576
-67.576
-67.576
-67.576
-67.576
-67.576
-67.576
-67.576
-67.576
-67.576
-67.576
-67.576
-67.576
-67.576
-67.577
-67.577
-67.577
-67.577
-67.577
-67.577
-67.577
-67.577
-67.577
-67.577
-67.577
-67.577
-67.577
-67.577
-67.577
-67.577
-67.577
-67.577
-67.577
-67.577
-67.577
-67.577
-67.577
-67.578
-67.578
-67.578
-67.578
-67.578
-67.578
-67.578
-67.578
-67.578
-67.578
-67.578
-67.578
-67.578
-67.578
-67.578
-67.578
-67.578
-67.578
-67.578
-67.578
-67.578
-67.578
-67.578
-67.578
-67.578
-67.578
-67.578
-67.578
-67.578
-67.578
-67.578
-67.578
-67.578
-67.578
-67.578
-67.578
-67.578
-67.578
-67.578
-67.578
-67.578
-67.578
-67.578
-67.578
-67.578
-67.578
-67.578
-67.578
-67.578
-67.578
-67.578
-67.578
-67.578
-67.578
